  0.0000    4    5.000   1.0000          x2c2
  5.0000    0    9.000   1.0000          NULL 
 14.0000    1    5.000   1.0000          x1c1
 19.0000    0    1.000   1.0000          NULL 
 20.0000    2    5.000   1.0000          x1c2
 25.0000    0    1.000   1.0000          NULL 
 26.0000    4    5.000   1.0000          x2c2
 31.0000    0    1.000   1.0000          NULL 
 32.0000    4    5.000   1.0000          x2c2
 37.0000    0    1.000   1.0000          NULL 
 38.0000    2    5.000   1.0000          x1c2
 43.0000    0    5.000   1.0000          NULL 
 48.0000    3    5.000   1.0000          x2c1
 53.0000    0    1.000   1.0000          NULL 
 54.0000    1    5.000   1.0000          x1c1
 59.0000    0    3.000   1.0000          NULL 
 62.0000    2    5.000   1.0000          x1c2
 67.0000    0    3.000   1.0000          NULL 
 70.0000    4    5.000   1.0000          x2c2
 75.0000    0    3.000   1.0000          NULL 
 78.0000    1    5.000   1.0000          x1c1
 83.0000    0    3.000   1.0000          NULL 
 86.0000    3    5.000   1.0000          x2c1
 91.0000    0    1.000   1.0000          NULL 
 92.0000    3    5.000   1.0000          x2c1
 97.0000    0    5.000   1.0000          NULL 
102.0000    2    5.000   1.0000          x1c2
107.0000    0    1.000   1.0000          NULL 
108.0000    3    5.000   1.0000          x2c1
113.0000    0    1.000   1.0000          NULL 
114.0000    4    5.000   1.0000          x2c2
119.0000    0    1.000   1.0000          NULL 
120.0000    1    5.000   1.0000          x1c1
125.0000    0    1.000   1.0000          NULL 
126.0000    1    5.000   1.0000          x1c1
131.0000    0    1.000   1.0000          NULL 
132.0000    3    5.000   1.0000          x2c1
137.0000    0    1.000   1.0000          NULL 
138.0000    2    5.000   1.0000          x1c2
143.0000    0    1.000   1.0000          NULL 
