  0.0000    4    5.000   1.0000          x2c2
  5.0000    0    1.000   1.0000          NULL 
  6.0000    2    5.000   1.0000          x1c2
 11.0000    0    3.000   1.0000          NULL 
 14.0000    3    5.000   1.0000          x2c1
 19.0000    0    1.000   1.0000          NULL 
 20.0000    1    5.000   1.0000          x1c1
 25.0000    0    1.000   1.0000          NULL 
 26.0000    4    5.000   1.0000          x2c2
 31.0000    0    1.000   1.0000          NULL 
 32.0000    1    5.000   1.0000          x1c1
 37.0000    0    1.000   1.0000          NULL 
 38.0000    1    5.000   1.0000          x1c1
 43.0000    0    5.000   1.0000          NULL 
 48.0000    2    5.000   1.0000          x1c2
 53.0000    0    1.000   1.0000          NULL 
 54.0000    3    5.000   1.0000          x2c1
 59.0000    0    5.000   1.0000          NULL 
 64.0000    4    5.000   1.0000          x2c2
 69.0000    0    3.000   1.0000          NULL 
 72.0000    2    5.000   1.0000          x1c2
 77.0000    0    1.000   1.0000          NULL 
 78.0000    1    5.000   1.0000          x1c1
 83.0000    0    1.000   1.0000          NULL 
 84.0000    3    5.000   1.0000          x2c1
 89.0000    0    1.000   1.0000          NULL 
 90.0000    2    5.000   1.0000          x1c2
 95.0000    0    1.000   1.0000          NULL 
 96.0000    2    5.000   1.0000          x1c2
101.0000    0    3.000   1.0000          NULL 
104.0000    4    5.000   1.0000          x2c2
109.0000    0    3.000   1.0000          NULL 
112.0000    1    5.000   1.0000          x1c1
117.0000    0    1.000   1.0000          NULL 
118.0000    3    5.000   1.0000          x2c1
123.0000    0    1.000   1.0000          NULL 
124.0000    4    5.000   1.0000          x2c2
129.0000    0    7.000   1.0000          NULL 
136.0000    3    5.000   1.0000          x2c1
141.0000    0    3.000   1.0000          NULL 
