  0.0000    4    5.000   1.0000          x2c2
  5.0000    0    1.000   1.0000          NULL 
  6.0000    1    5.000   1.0000          x1c1
 11.0000    0    3.000   1.0000          NULL 
 14.0000    3    5.000   1.0000          x2c1
 19.0000    0    3.000   1.0000          NULL 
 22.0000    2    5.000   1.0000          x1c2
 27.0000    0    1.000   1.0000          NULL 
 28.0000    4    5.000   1.0000          x2c2
 33.0000    0    1.000   1.0000          NULL 
 34.0000    3    5.000   1.0000          x2c1
 39.0000    0    1.000   1.0000          NULL 
 40.0000    3    5.000   1.0000          x2c1
 45.0000    0    1.000   1.0000          NULL 
 46.0000    1    5.000   1.0000          x1c1
 51.0000    0    1.000   1.0000          NULL 
 52.0000    4    5.000   1.0000          x2c2
 57.0000    0    5.000   1.0000          NULL 
 62.0000    1    5.000   1.0000          x1c1
 67.0000    0    3.000   1.0000          NULL 
 70.0000    2    5.000   1.0000          x1c2
 75.0000    0    5.000   1.0000          NULL 
 80.0000    2    5.000   1.0000          x1c2
 85.0000    0    3.000   1.0000          NULL 
 88.0000    1    5.000   1.0000          x1c1
 93.0000    0    1.000   1.0000          NULL 
 94.0000    1    5.000   1.0000          x1c1
 99.0000    0    1.000   1.0000          NULL 
100.0000    3    5.000   1.0000          x2c1
105.0000    0    3.000   1.0000          NULL 
108.0000    4    5.000   1.0000          x2c2
113.0000    0    3.000   1.0000          NULL 
116.0000    4    5.000   1.0000          x2c2
121.0000    0    1.000   1.0000          NULL 
122.0000    2    5.000   1.0000          x1c2
127.0000    0    1.000   1.0000          NULL 
128.0000    2    5.000   1.0000          x1c2
133.0000    0    1.000   1.0000          NULL 
134.0000    3    5.000   1.0000          x2c1
139.0000    0    5.000   1.0000          NULL 
