  0.0000    1    5.000   1.0000          x1c1
  5.0000    0    5.000   1.0000          NULL 
 10.0000    1    5.000   1.0000          x1c1
 15.0000    0    1.000   1.0000          NULL 
 16.0000    1    5.000   1.0000          x1c1
 21.0000    0    1.000   1.0000          NULL 
 22.0000    4    5.000   1.0000          x2c2
 27.0000    0    1.000   1.0000          NULL 
 28.0000    1    5.000   1.0000          x1c1
 33.0000    0    3.000   1.0000          NULL 
 36.0000    2    5.000   1.0000          x1c2
 41.0000    0    1.000   1.0000          NULL 
 42.0000    2    5.000   1.0000          x1c2
 47.0000    0    1.000   1.0000          NULL 
 48.0000    1    5.000   1.0000          x1c1
 53.0000    0    3.000   1.0000          NULL 
 56.0000    3    5.000   1.0000          x2c1
 61.0000    0    9.000   1.0000          NULL 
 70.0000    2    5.000   1.0000          x1c2
 75.0000    0    1.000   1.0000          NULL 
 76.0000    4    5.000   1.0000          x2c2
 81.0000    0    3.000   1.0000          NULL 
 84.0000    4    5.000   1.0000          x2c2
 89.0000    0    1.000   1.0000          NULL 
 90.0000    3    5.000   1.0000          x2c1
 95.0000    0    1.000   1.0000          NULL 
 96.0000    4    5.000   1.0000          x2c2
101.0000    0    1.000   1.0000          NULL 
102.0000    4    5.000   1.0000          x2c2
107.0000    0    1.000   1.0000          NULL 
108.0000    2    5.000   1.0000          x1c2
113.0000    0    1.000   1.0000          NULL 
114.0000    3    5.000   1.0000          x2c1
119.0000    0    1.000   1.0000          NULL 
120.0000    2    5.000   1.0000          x1c2
125.0000    0    5.000   1.0000          NULL 
130.0000    3    5.000   1.0000          x2c1
135.0000    0    3.000   1.0000          NULL 
138.0000    3    5.000   1.0000          x2c1
143.0000    0    1.000   1.0000          NULL 
