  0.0000    4    5.000   1.0000          x2c2
  5.0000    0    3.000   1.0000          NULL 
  8.0000    3    5.000   1.0000          x2c1
 13.0000    0    5.000   1.0000          NULL 
 18.0000    1    5.000   1.0000          x1c1
 23.0000    0    1.000   1.0000          NULL 
 24.0000    2    5.000   1.0000          x1c2
 29.0000    0    1.000   1.0000          NULL 
 30.0000    2    5.000   1.0000          x1c2
 35.0000    0    3.000   1.0000          NULL 
 38.0000    3    5.000   1.0000          x2c1
 43.0000    0    1.000   1.0000          NULL 
 44.0000    1    5.000   1.0000          x1c1
 49.0000    0    3.000   1.0000          NULL 
 52.0000    2    5.000   1.0000          x1c2
 57.0000    0    1.000   1.0000          NULL 
 58.0000    2    5.000   1.0000          x1c2
 63.0000    0    1.000   1.0000          NULL 
 64.0000    4    5.000   1.0000          x2c2
 69.0000    0    1.000   1.0000          NULL 
 70.0000    3    5.000   1.0000          x2c1
 75.0000    0    1.000   1.0000          NULL 
 76.0000    4    5.000   1.0000          x2c2
 81.0000    0    1.000   1.0000          NULL 
 82.0000    1    5.000   1.0000          x1c1
 87.0000    0    1.000   1.0000          NULL 
 88.0000    1    5.000   1.0000          x1c1
 93.0000    0    1.000   1.0000          NULL 
 94.0000    3    5.000   1.0000          x2c1
 99.0000    0    5.000   1.0000          NULL 
104.0000    2    5.000   1.0000          x1c2
109.0000    0    1.000   1.0000          NULL 
110.0000    3    5.000   1.0000          x2c1
115.0000    0    3.000   1.0000          NULL 
118.0000    4    5.000   1.0000          x2c2
123.0000    0    5.000   1.0000          NULL 
128.0000    1    5.000   1.0000          x1c1
133.0000    0    5.000   1.0000          NULL 
138.0000    4    5.000   1.0000          x2c2
143.0000    0    1.000   1.0000          NULL 
