  0.0000    2    5.000   1.0000          x1c2
  5.0000    0    1.000   1.0000          NULL 
  6.0000    3    5.000   1.0000          x2c1
 11.0000    0    3.000   1.0000          NULL 
 14.0000    1    5.000   1.0000          x1c1
 19.0000    0    5.000   1.0000          NULL 
 24.0000    2    5.000   1.0000          x1c2
 29.0000    0    3.000   1.0000          NULL 
 32.0000    4    5.000   1.0000          x2c2
 37.0000    0    1.000   1.0000          NULL 
 38.0000    3    5.000   1.0000          x2c1
 43.0000    0    1.000   1.0000          NULL 
 44.0000    2    5.000   1.0000          x1c2
 49.0000    0    5.000   1.0000          NULL 
 54.0000    1    5.000   1.0000          x1c1
 59.0000    0    1.000   1.0000          NULL 
 60.0000    4    5.000   1.0000          x2c2
 65.0000    0    1.000   1.0000          NULL 
 66.0000    2    5.000   1.0000          x1c2
 71.0000    0    5.000   1.0000          NULL 
 76.0000    3    5.000   1.0000          x2c1
 81.0000    0    1.000   1.0000          NULL 
 82.0000    4    5.000   1.0000          x2c2
 87.0000    0    3.000   1.0000          NULL 
 90.0000    4    5.000   1.0000          x2c2
 95.0000    0    1.000   1.0000          NULL 
 96.0000    4    5.000   1.0000          x2c2
101.0000    0    3.000   1.0000          NULL 
104.0000    3    5.000   1.0000          x2c1
109.0000    0    1.000   1.0000          NULL 
110.0000    1    5.000   1.0000          x1c1
115.0000    0    1.000   1.0000          NULL 
116.0000    1    5.000   1.0000          x1c1
121.0000    0    3.000   1.0000          NULL 
124.0000    3    5.000   1.0000          x2c1
129.0000    0    3.000   1.0000          NULL 
132.0000    2    5.000   1.0000          x1c2
137.0000    0    1.000   1.0000          NULL 
138.0000    1    5.000   1.0000          x1c1
143.0000    0    1.000   1.0000          NULL 
