  0.0000    3    5.000   1.0000          x2c1
  5.0000    0    1.000   1.0000          NULL 
  6.0000    2    5.000   1.0000          x1c2
 11.0000    0    5.000   1.0000          NULL 
 16.0000    4    5.000   1.0000          x2c2
 21.0000    0    1.000   1.0000          NULL 
 22.0000    2    5.000   1.0000          x1c2
 27.0000    0    3.000   1.0000          NULL 
 30.0000    3    5.000   1.0000          x2c1
 35.0000    0    3.000   1.0000          NULL 
 38.0000    2    5.000   1.0000          x1c2
 43.0000    0    1.000   1.0000          NULL 
 44.0000    2    5.000   1.0000          x1c2
 49.0000    0    1.000   1.0000          NULL 
 50.0000    3    5.000   1.0000          x2c1
 55.0000    0    1.000   1.0000          NULL 
 56.0000    4    5.000   1.0000          x2c2
 61.0000    0    1.000   1.0000          NULL 
 62.0000    4    5.000   1.0000          x2c2
 67.0000    0    5.000   1.0000          NULL 
 72.0000    1    5.000   1.0000          x1c1
 77.0000    0    1.000   1.0000          NULL 
 78.0000    4    5.000   1.0000          x2c2
 83.0000    0    5.000   1.0000          NULL 
 88.0000    3    5.000   1.0000          x2c1
 93.0000    0    1.000   1.0000          NULL 
 94.0000    3    5.000   1.0000          x2c1
 99.0000    0    1.000   1.0000          NULL 
100.0000    1    5.000   1.0000          x1c1
105.0000    0    3.000   1.0000          NULL 
108.0000    2    5.000   1.0000          x1c2
113.0000    0    3.000   1.0000          NULL 
116.0000    4    5.000   1.0000          x2c2
121.0000    0    3.000   1.0000          NULL 
124.0000    1    5.000   1.0000          x1c1
129.0000    0    1.000   1.0000          NULL 
130.0000    1    5.000   1.0000          x1c1
135.0000    0    3.000   1.0000          NULL 
138.0000    1    5.000   1.0000          x1c1
143.0000    0    1.000   1.0000          NULL 
