  0.0000    4    5.000   1.0000          x2c2
  5.0000    0    7.000   1.0000          NULL 
 12.0000    3    5.000   1.0000          x2c1
 17.0000    0    1.000   1.0000          NULL 
 18.0000    4    5.000   1.0000          x2c2
 23.0000    0    1.000   1.0000          NULL 
 24.0000    1    5.000   1.0000          x1c1
 29.0000    0    1.000   1.0000          NULL 
 30.0000    4    5.000   1.0000          x2c2
 35.0000    0    1.000   1.0000          NULL 
 36.0000    4    5.000   1.0000          x2c2
 41.0000    0    3.000   1.0000          NULL 
 44.0000    1    5.000   1.0000          x1c1
 49.0000    0    1.000   1.0000          NULL 
 50.0000    2    5.000   1.0000          x1c2
 55.0000    0    3.000   1.0000          NULL 
 58.0000    1    5.000   1.0000          x1c1
 63.0000    0    3.000   1.0000          NULL 
 66.0000    2    5.000   1.0000          x1c2
 71.0000    0    1.000   1.0000          NULL 
 72.0000    2    5.000   1.0000          x1c2
 77.0000    0    3.000   1.0000          NULL 
 80.0000    3    5.000   1.0000          x2c1
 85.0000    0    1.000   1.0000          NULL 
 86.0000    2    5.000   1.0000          x1c2
 91.0000    0    5.000   1.0000          NULL 
 96.0000    1    5.000   1.0000          x1c1
101.0000    0    5.000   1.0000          NULL 
106.0000    4    5.000   1.0000          x2c2
111.0000    0    1.000   1.0000          NULL 
112.0000    3    5.000   1.0000          x2c1
117.0000    0    1.000   1.0000          NULL 
118.0000    3    5.000   1.0000          x2c1
123.0000    0    3.000   1.0000          NULL 
126.0000    2    5.000   1.0000          x1c2
131.0000    0    1.000   1.0000          NULL 
132.0000    1    5.000   1.0000          x1c1
137.0000    0    1.000   1.0000          NULL 
138.0000    3    5.000   1.0000          x2c1
143.0000    0    1.000   1.0000          NULL 
