  0.0000    4    5.000   1.0000          x2c2
  5.0000    0    3.000   1.0000          NULL 
  8.0000    2    5.000   1.0000          x1c2
 13.0000    0    1.000   1.0000          NULL 
 14.0000    1    5.000   1.0000          x1c1
 19.0000    0    3.000   1.0000          NULL 
 22.0000    1    5.000   1.0000          x1c1
 27.0000    0    1.000   1.0000          NULL 
 28.0000    2    5.000   1.0000          x1c2
 33.0000    0    1.000   1.0000          NULL 
 34.0000    3    5.000   1.0000          x2c1
 39.0000    0    5.000   1.0000          NULL 
 44.0000    1    5.000   1.0000          x1c1
 49.0000    0    1.000   1.0000          NULL 
 50.0000    3    5.000   1.0000          x2c1
 55.0000    0    1.000   1.0000          NULL 
 56.0000    2    5.000   1.0000          x1c2
 61.0000    0    3.000   1.0000          NULL 
 64.0000    4    5.000   1.0000          x2c2
 69.0000    0    1.000   1.0000          NULL 
 70.0000    2    5.000   1.0000          x1c2
 75.0000    0    3.000   1.0000          NULL 
 78.0000    3    5.000   1.0000          x2c1
 83.0000    0    1.000   1.0000          NULL 
 84.0000    1    5.000   1.0000          x1c1
 89.0000    0    3.000   1.0000          NULL 
 92.0000    2    5.000   1.0000          x1c2
 97.0000    0    3.000   1.0000          NULL 
100.0000    1    5.000   1.0000          x1c1
105.0000    0    5.000   1.0000          NULL 
110.0000    3    5.000   1.0000          x2c1
115.0000    0    3.000   1.0000          NULL 
118.0000    4    5.000   1.0000          x2c2
123.0000    0    1.000   1.0000          NULL 
124.0000    4    5.000   1.0000          x2c2
129.0000    0    3.000   1.0000          NULL 
132.0000    3    5.000   1.0000          x2c1
137.0000    0    1.000   1.0000          NULL 
138.0000    4    5.000   1.0000          x2c2
143.0000    0    1.000   1.0000          NULL 
