  0.0000    2    5.000   1.0000          x1c2
  5.0000    0    1.000   1.0000          NULL 
  6.0000    3    5.000   1.0000          x2c1
 11.0000    0    1.000   1.0000          NULL 
 12.0000    4    5.000   1.0000          x2c2
 17.0000    0    1.000   1.0000          NULL 
 18.0000    3    5.000   1.0000          x2c1
 23.0000    0    1.000   1.0000          NULL 
 24.0000    2    5.000   1.0000          x1c2
 29.0000    0    3.000   1.0000          NULL 
 32.0000    4    5.000   1.0000          x2c2
 37.0000    0    1.000   1.0000          NULL 
 38.0000    1    5.000   1.0000          x1c1
 43.0000    0    1.000   1.0000          NULL 
 44.0000    3    5.000   1.0000          x2c1
 49.0000    0    3.000   1.0000          NULL 
 52.0000    1    5.000   1.0000          x1c1
 57.0000    0    5.000   1.0000          NULL 
 62.0000    3    5.000   1.0000          x2c1
 67.0000    0    3.000   1.0000          NULL 
 70.0000    1    5.000   1.0000          x1c1
 75.0000    0    7.000   1.0000          NULL 
 82.0000    4    5.000   1.0000          x2c2
 87.0000    0    3.000   1.0000          NULL 
 90.0000    2    5.000   1.0000          x1c2
 95.0000    0    1.000   1.0000          NULL 
 96.0000    1    5.000   1.0000          x1c1
101.0000    0    3.000   1.0000          NULL 
104.0000    3    5.000   1.0000          x2c1
109.0000    0    5.000   1.0000          NULL 
114.0000    1    5.000   1.0000          x1c1
119.0000    0    1.000   1.0000          NULL 
120.0000    4    5.000   1.0000          x2c2
125.0000    0    1.000   1.0000          NULL 
126.0000    4    5.000   1.0000          x2c2
131.0000    0    1.000   1.0000          NULL 
132.0000    2    5.000   1.0000          x1c2
137.0000    0    1.000   1.0000          NULL 
138.0000    2    5.000   1.0000          x1c2
143.0000    0    1.000   1.0000          NULL 
