  0.0000    4    5.000   1.0000          x2c2
  5.0000    0    3.000   1.0000          NULL 
  8.0000    2    5.000   1.0000          x1c2
 13.0000    0    1.000   1.0000          NULL 
 14.0000    3    5.000   1.0000          x2c1
 19.0000    0    1.000   1.0000          NULL 
 20.0000    3    5.000   1.0000          x2c1
 25.0000    0    3.000   1.0000          NULL 
 28.0000    4    5.000   1.0000          x2c2
 33.0000    0    1.000   1.0000          NULL 
 34.0000    1    5.000   1.0000          x1c1
 39.0000    0    1.000   1.0000          NULL 
 40.0000    1    5.000   1.0000          x1c1
 45.0000    0    1.000   1.0000          NULL 
 46.0000    2    5.000   1.0000          x1c2
 51.0000    0    5.000   1.0000          NULL 
 56.0000    3    5.000   1.0000          x2c1
 61.0000    0    1.000   1.0000          NULL 
 62.0000    4    5.000   1.0000          x2c2
 67.0000    0    3.000   1.0000          NULL 
 70.0000    3    5.000   1.0000          x2c1
 75.0000    0    7.000   1.0000          NULL 
 82.0000    2    5.000   1.0000          x1c2
 87.0000    0    1.000   1.0000          NULL 
 88.0000    1    5.000   1.0000          x1c1
 93.0000    0    5.000   1.0000          NULL 
 98.0000    1    5.000   1.0000          x1c1
103.0000    0    1.000   1.0000          NULL 
104.0000    4    5.000   1.0000          x2c2
109.0000    0    1.000   1.0000          NULL 
110.0000    2    5.000   1.0000          x1c2
115.0000    0    1.000   1.0000          NULL 
116.0000    2    5.000   1.0000          x1c2
121.0000    0    1.000   1.0000          NULL 
122.0000    4    5.000   1.0000          x2c2
127.0000    0    1.000   1.0000          NULL 
128.0000    3    5.000   1.0000          x2c1
133.0000    0    3.000   1.0000          NULL 
136.0000    1    5.000   1.0000          x1c1
141.0000    0    3.000   1.0000          NULL 
