  0.0000    3    5.000   1.0000          x2c1
  5.0000    0    7.000   1.0000          NULL 
 12.0000    2    5.000   1.0000          x1c2
 17.0000    0    1.000   1.0000          NULL 
 18.0000    1    5.000   1.0000          x1c1
 23.0000    0    1.000   1.0000          NULL 
 24.0000    1    5.000   1.0000          x1c1
 29.0000    0    3.000   1.0000          NULL 
 32.0000    4    5.000   1.0000          x2c2
 37.0000    0    1.000   1.0000          NULL 
 38.0000    2    5.000   1.0000          x1c2
 43.0000    0    1.000   1.0000          NULL 
 44.0000    4    5.000   1.0000          x2c2
 49.0000    0    1.000   1.0000          NULL 
 50.0000    3    5.000   1.0000          x2c1
 55.0000    0    1.000   1.0000          NULL 
 56.0000    4    5.000   1.0000          x2c2
 61.0000    0    3.000   1.0000          NULL 
 64.0000    3    5.000   1.0000          x2c1
 69.0000    0    1.000   1.0000          NULL 
 70.0000    4    5.000   1.0000          x2c2
 75.0000    0    1.000   1.0000          NULL 
 76.0000    1    5.000   1.0000          x1c1
 81.0000    0    3.000   1.0000          NULL 
 84.0000    2    5.000   1.0000          x1c2
 89.0000    0    3.000   1.0000          NULL 
 92.0000    2    5.000   1.0000          x1c2
 97.0000    0    5.000   1.0000          NULL 
102.0000    4    5.000   1.0000          x2c2
107.0000    0    3.000   1.0000          NULL 
110.0000    1    5.000   1.0000          x1c1
115.0000    0    1.000   1.0000          NULL 
116.0000    3    5.000   1.0000          x2c1
121.0000    0    1.000   1.0000          NULL 
122.0000    2    5.000   1.0000          x1c2
127.0000    0    1.000   1.0000          NULL 
128.0000    3    5.000   1.0000          x2c1
133.0000    0    5.000   1.0000          NULL 
138.0000    1    5.000   1.0000          x1c1
143.0000    0    1.000   1.0000          NULL 
