  0.0000    1    5.000   1.0000          x1c1
  5.0000    0    1.000   1.0000          NULL 
  6.0000    2    5.000   1.0000          x1c2
 11.0000    0    1.000   1.0000          NULL 
 12.0000    1    5.000   1.0000          x1c1
 17.0000    0    3.000   1.0000          NULL 
 20.0000    3    5.000   1.0000          x2c1
 25.0000    0    7.000   1.0000          NULL 
 32.0000    1    5.000   1.0000          x1c1
 37.0000    0    1.000   1.0000          NULL 
 38.0000    4    5.000   1.0000          x2c2
 43.0000    0    1.000   1.0000          NULL 
 44.0000    4    5.000   1.0000          x2c2
 49.0000    0    3.000   1.0000          NULL 
 52.0000    4    5.000   1.0000          x2c2
 57.0000    0    1.000   1.0000          NULL 
 58.0000    3    5.000   1.0000          x2c1
 63.0000    0    1.000   1.0000          NULL 
 64.0000    3    5.000   1.0000          x2c1
 69.0000    0    5.000   1.0000          NULL 
 74.0000    2    5.000   1.0000          x1c2
 79.0000    0    1.000   1.0000          NULL 
 80.0000    3    5.000   1.0000          x2c1
 85.0000    0    1.000   1.0000          NULL 
 86.0000    2    5.000   1.0000          x1c2
 91.0000    0    3.000   1.0000          NULL 
 94.0000    2    5.000   1.0000          x1c2
 99.0000    0    1.000   1.0000          NULL 
100.0000    4    5.000   1.0000          x2c2
105.0000    0    1.000   1.0000          NULL 
106.0000    2    5.000   1.0000          x1c2
111.0000    0    5.000   1.0000          NULL 
116.0000    4    5.000   1.0000          x2c2
121.0000    0    5.000   1.0000          NULL 
126.0000    1    5.000   1.0000          x1c1
131.0000    0    1.000   1.0000          NULL 
132.0000    3    5.000   1.0000          x2c1
137.0000    0    1.000   1.0000          NULL 
138.0000    1    5.000   1.0000          x1c1
143.0000    0    1.000   1.0000          NULL 
