  0.0000    4    5.000   1.0000          x2c2
  5.0000    0    1.000   1.0000          NULL 
  6.0000    4    5.000   1.0000          x2c2
 11.0000    0    1.000   1.0000          NULL 
 12.0000    3    5.000   1.0000          x2c1
 17.0000    0    5.000   1.0000          NULL 
 22.0000    2    5.000   1.0000          x1c2
 27.0000    0    3.000   1.0000          NULL 
 30.0000    2    5.000   1.0000          x1c2
 35.0000    0    1.000   1.0000          NULL 
 36.0000    1    5.000   1.0000          x1c1
 41.0000    0    1.000   1.0000          NULL 
 42.0000    1    5.000   1.0000          x1c1
 47.0000    0    1.000   1.0000          NULL 
 48.0000    2    5.000   1.0000          x1c2
 53.0000    0    3.000   1.0000          NULL 
 56.0000    4    5.000   1.0000          x2c2
 61.0000    0    5.000   1.0000          NULL 
 66.0000    3    5.000   1.0000          x2c1
 71.0000    0    1.000   1.0000          NULL 
 72.0000    1    5.000   1.0000          x1c1
 77.0000    0    1.000   1.0000          NULL 
 78.0000    3    5.000   1.0000          x2c1
 83.0000    0    5.000   1.0000          NULL 
 88.0000    1    5.000   1.0000          x1c1
 93.0000    0    7.000   1.0000          NULL 
100.0000    3    5.000   1.0000          x2c1
105.0000    0    3.000   1.0000          NULL 
108.0000    1    5.000   1.0000          x1c1
113.0000    0    1.000   1.0000          NULL 
114.0000    2    5.000   1.0000          x1c2
119.0000    0    1.000   1.0000          NULL 
120.0000    4    5.000   1.0000          x2c2
125.0000    0    1.000   1.0000          NULL 
126.0000    2    5.000   1.0000          x1c2
131.0000    0    1.000   1.0000          NULL 
132.0000    3    5.000   1.0000          x2c1
137.0000    0    1.000   1.0000          NULL 
138.0000    4    5.000   1.0000          x2c2
143.0000    0    1.000   1.0000          NULL 
