  0.0000    1    5.000   1.0000          x1c1
  5.0000    0    1.000   1.0000          NULL 
  6.0000    3    5.000   1.0000          x2c1
 11.0000    0    7.000   1.0000          NULL 
 18.0000    2    5.000   1.0000          x1c2
 23.0000    0    1.000   1.0000          NULL 
 24.0000    4    5.000   1.0000          x2c2
 29.0000    0    1.000   1.0000          NULL 
 30.0000    2    5.000   1.0000          x1c2
 35.0000    0    7.000   1.0000          NULL 
 42.0000    3    5.000   1.0000          x2c1
 47.0000    0    5.000   1.0000          NULL 
 52.0000    3    5.000   1.0000          x2c1
 57.0000    0    1.000   1.0000          NULL 
 58.0000    4    5.000   1.0000          x2c2
 63.0000    0    1.000   1.0000          NULL 
 64.0000    3    5.000   1.0000          x2c1
 69.0000    0    1.000   1.0000          NULL 
 70.0000    2    5.000   1.0000          x1c2
 75.0000    0    1.000   1.0000          NULL 
 76.0000    4    5.000   1.0000          x2c2
 81.0000    0    3.000   1.0000          NULL 
 84.0000    4    5.000   1.0000          x2c2
 89.0000    0    3.000   1.0000          NULL 
 92.0000    2    5.000   1.0000          x1c2
 97.0000    0    1.000   1.0000          NULL 
 98.0000    1    5.000   1.0000          x1c1
103.0000    0    1.000   1.0000          NULL 
104.0000    4    5.000   1.0000          x2c2
109.0000    0    1.000   1.0000          NULL 
110.0000    1    5.000   1.0000          x1c1
115.0000    0    1.000   1.0000          NULL 
116.0000    2    5.000   1.0000          x1c2
121.0000    0    3.000   1.0000          NULL 
124.0000    3    5.000   1.0000          x2c1
129.0000    0    1.000   1.0000          NULL 
130.0000    1    5.000   1.0000          x1c1
135.0000    0    3.000   1.0000          NULL 
138.0000    1    5.000   1.0000          x1c1
143.0000    0    1.000   1.0000          NULL 
