  0.0000    1    5.000   1.0000          x1c1
  5.0000    0    3.000   1.0000          NULL 
  8.0000    1    5.000   1.0000          x1c1
 13.0000    0    1.000   1.0000          NULL 
 14.0000    3    5.000   1.0000          x2c1
 19.0000    0    7.000   1.0000          NULL 
 26.0000    2    5.000   1.0000          x1c2
 31.0000    0    1.000   1.0000          NULL 
 32.0000    4    5.000   1.0000          x2c2
 37.0000    0    1.000   1.0000          NULL 
 38.0000    3    5.000   1.0000          x2c1
 43.0000    0    3.000   1.0000          NULL 
 46.0000    2    5.000   1.0000          x1c2
 51.0000    0    1.000   1.0000          NULL 
 52.0000    2    5.000   1.0000          x1c2
 57.0000    0    1.000   1.0000          NULL 
 58.0000    3    5.000   1.0000          x2c1
 63.0000    0    1.000   1.0000          NULL 
 64.0000    4    5.000   1.0000          x2c2
 69.0000    0    3.000   1.0000          NULL 
 72.0000    4    5.000   1.0000          x2c2
 77.0000    0    3.000   1.0000          NULL 
 80.0000    2    5.000   1.0000          x1c2
 85.0000    0    3.000   1.0000          NULL 
 88.0000    1    5.000   1.0000          x1c1
 93.0000    0    1.000   1.0000          NULL 
 94.0000    4    5.000   1.0000          x2c2
 99.0000    0    3.000   1.0000          NULL 
102.0000    1    5.000   1.0000          x1c1
107.0000    0    1.000   1.0000          NULL 
108.0000    2    5.000   1.0000          x1c2
113.0000    0    3.000   1.0000          NULL 
116.0000    4    5.000   1.0000          x2c2
121.0000    0    1.000   1.0000          NULL 
122.0000    1    5.000   1.0000          x1c1
127.0000    0    5.000   1.0000          NULL 
132.0000    3    5.000   1.0000          x2c1
137.0000    0    1.000   1.0000          NULL 
138.0000    3    5.000   1.0000          x2c1
143.0000    0    1.000   1.0000          NULL 
