  0.0000    1    5.000   1.0000          x1c1
  5.0000    0    3.000   1.0000          NULL 
  8.0000    1    5.000   1.0000          x1c1
 13.0000    0    1.000   1.0000          NULL 
 14.0000    3    5.000   1.0000          x2c1
 19.0000    0    3.000   1.0000          NULL 
 22.0000    4    5.000   1.0000          x2c2
 27.0000    0    1.000   1.0000          NULL 
 28.0000    1    5.000   1.0000          x1c1
 33.0000    0    1.000   1.0000          NULL 
 34.0000    2    5.000   1.0000          x1c2
 39.0000    0    3.000   1.0000          NULL 
 42.0000    2    5.000   1.0000          x1c2
 47.0000    0    1.000   1.0000          NULL 
 48.0000    3    5.000   1.0000          x2c1
 53.0000    0    3.000   1.0000          NULL 
 56.0000    2    5.000   1.0000          x1c2
 61.0000    0    7.000   1.0000          NULL 
 68.0000    4    5.000   1.0000          x2c2
 73.0000    0    5.000   1.0000          NULL 
 78.0000    1    5.000   1.0000          x1c1
 83.0000    0    1.000   1.0000          NULL 
 84.0000    4    5.000   1.0000          x2c2
 89.0000    0    1.000   1.0000          NULL 
 90.0000    2    5.000   1.0000          x1c2
 95.0000    0    1.000   1.0000          NULL 
 96.0000    2    5.000   1.0000          x1c2
101.0000    0    1.000   1.0000          NULL 
102.0000    1    5.000   1.0000          x1c1
107.0000    0    5.000   1.0000          NULL 
112.0000    4    5.000   1.0000          x2c2
117.0000    0    3.000   1.0000          NULL 
120.0000    3    5.000   1.0000          x2c1
125.0000    0    1.000   1.0000          NULL 
126.0000    4    5.000   1.0000          x2c2
131.0000    0    1.000   1.0000          NULL 
132.0000    3    5.000   1.0000          x2c1
137.0000    0    1.000   1.0000          NULL 
138.0000    3    5.000   1.0000          x2c1
143.0000    0    1.000   1.0000          NULL 
