  0.0000    3    5.000   1.0000          x2c1
  5.0000    0    5.000   1.0000          NULL 
 10.0000    3    5.000   1.0000          x2c1
 15.0000    0    3.000   1.0000          NULL 
 18.0000    4    5.000   1.0000          x2c2
 23.0000    0    1.000   1.0000          NULL 
 24.0000    2    5.000   1.0000          x1c2
 29.0000    0    1.000   1.0000          NULL 
 30.0000    2    5.000   1.0000          x1c2
 35.0000    0    1.000   1.0000          NULL 
 36.0000    4    5.000   1.0000          x2c2
 41.0000    0    5.000   1.0000          NULL 
 46.0000    4    5.000   1.0000          x2c2
 51.0000    0    1.000   1.0000          NULL 
 52.0000    3    5.000   1.0000          x2c1
 57.0000    0    1.000   1.0000          NULL 
 58.0000    2    5.000   1.0000          x1c2
 63.0000    0    1.000   1.0000          NULL 
 64.0000    1    5.000   1.0000          x1c1
 69.0000    0    1.000   1.0000          NULL 
 70.0000    4    5.000   1.0000          x2c2
 75.0000    0    1.000   1.0000          NULL 
 76.0000    1    5.000   1.0000          x1c1
 81.0000    0    5.000   1.0000          NULL 
 86.0000    1    5.000   1.0000          x1c1
 91.0000    0    3.000   1.0000          NULL 
 94.0000    3    5.000   1.0000          x2c1
 99.0000    0    1.000   1.0000          NULL 
100.0000    4    5.000   1.0000          x2c2
105.0000    0    3.000   1.0000          NULL 
108.0000    2    5.000   1.0000          x1c2
113.0000    0    5.000   1.0000          NULL 
118.0000    2    5.000   1.0000          x1c2
123.0000    0    1.000   1.0000          NULL 
124.0000    3    5.000   1.0000          x2c1
129.0000    0    3.000   1.0000          NULL 
132.0000    1    5.000   1.0000          x1c1
137.0000    0    1.000   1.0000          NULL 
138.0000    1    5.000   1.0000          x1c1
143.0000    0    1.000   1.0000          NULL 
