  0.0000    1    5.000   1.0000          x1c1
  5.0000    0    1.000   1.0000          NULL 
  6.0000    4    5.000   1.0000          x2c2
 11.0000    0    5.000   1.0000          NULL 
 16.0000    3    5.000   1.0000          x2c1
 21.0000    0    1.000   1.0000          NULL 
 22.0000    2    5.000   1.0000          x1c2
 27.0000    0    1.000   1.0000          NULL 
 28.0000    3    5.000   1.0000          x2c1
 33.0000    0    1.000   1.0000          NULL 
 34.0000    4    5.000   1.0000          x2c2
 39.0000    0    3.000   1.0000          NULL 
 42.0000    1    5.000   1.0000          x1c1
 47.0000    0    1.000   1.0000          NULL 
 48.0000    2    5.000   1.0000          x1c2
 53.0000    0    1.000   1.0000          NULL 
 54.0000    2    5.000   1.0000          x1c2
 59.0000    0    3.000   1.0000          NULL 
 62.0000    1    5.000   1.0000          x1c1
 67.0000    0    3.000   1.0000          NULL 
 70.0000    3    5.000   1.0000          x2c1
 75.0000    0    3.000   1.0000          NULL 
 78.0000    2    5.000   1.0000          x1c2
 83.0000    0    1.000   1.0000          NULL 
 84.0000    1    5.000   1.0000          x1c1
 89.0000    0    7.000   1.0000          NULL 
 96.0000    4    5.000   1.0000          x2c2
101.0000    0    7.000   1.0000          NULL 
108.0000    4    5.000   1.0000          x2c2
113.0000    0    1.000   1.0000          NULL 
114.0000    2    5.000   1.0000          x1c2
119.0000    0    1.000   1.0000          NULL 
120.0000    4    5.000   1.0000          x2c2
125.0000    0    1.000   1.0000          NULL 
126.0000    3    5.000   1.0000          x2c1
131.0000    0    1.000   1.0000          NULL 
132.0000    3    5.000   1.0000          x2c1
137.0000    0    1.000   1.0000          NULL 
138.0000    1    5.000   1.0000          x1c1
143.0000    0    1.000   1.0000          NULL 
