  0.0000    2    5.000   1.0000          x1c2
  5.0000    0    3.000   1.0000          NULL 
  8.0000    4    5.000   1.0000          x2c2
 13.0000    0    1.000   1.0000          NULL 
 14.0000    3    5.000   1.0000          x2c1
 19.0000    0    5.000   1.0000          NULL 
 24.0000    3    5.000   1.0000          x2c1
 29.0000    0    3.000   1.0000          NULL 
 32.0000    1    5.000   1.0000          x1c1
 37.0000    0    1.000   1.0000          NULL 
 38.0000    2    5.000   1.0000          x1c2
 43.0000    0    1.000   1.0000          NULL 
 44.0000    2    5.000   1.0000          x1c2
 49.0000    0    1.000   1.0000          NULL 
 50.0000    1    5.000   1.0000          x1c1
 55.0000    0    1.000   1.0000          NULL 
 56.0000    1    5.000   1.0000          x1c1
 61.0000    0    1.000   1.0000          NULL 
 62.0000    4    5.000   1.0000          x2c2
 67.0000    0    3.000   1.0000          NULL 
 70.0000    1    5.000   1.0000          x1c1
 75.0000    0    3.000   1.0000          NULL 
 78.0000    4    5.000   1.0000          x2c2
 83.0000    0    1.000   1.0000          NULL 
 84.0000    4    5.000   1.0000          x2c2
 89.0000    0    5.000   1.0000          NULL 
 94.0000    1    5.000   1.0000          x1c1
 99.0000    0    3.000   1.0000          NULL 
102.0000    2    5.000   1.0000          x1c2
107.0000    0    3.000   1.0000          NULL 
110.0000    3    5.000   1.0000          x2c1
115.0000    0    1.000   1.0000          NULL 
116.0000    3    5.000   1.0000          x2c1
121.0000    0    3.000   1.0000          NULL 
124.0000    4    5.000   1.0000          x2c2
129.0000    0    3.000   1.0000          NULL 
132.0000    3    5.000   1.0000          x2c1
137.0000    0    1.000   1.0000          NULL 
138.0000    2    5.000   1.0000          x1c2
143.0000    0    1.000   1.0000          NULL 
