  0.0000    4    5.000   1.0000          x2c2
  5.0000    0    3.000   1.0000          NULL 
  8.0000    3    5.000   1.0000          x2c1
 13.0000    0    1.000   1.0000          NULL 
 14.0000    4    5.000   1.0000          x2c2
 19.0000    0    1.000   1.0000          NULL 
 20.0000    3    5.000   1.0000          x2c1
 25.0000    0    7.000   1.0000          NULL 
 32.0000    2    5.000   1.0000          x1c2
 37.0000    0    5.000   1.0000          NULL 
 42.0000    3    5.000   1.0000          x2c1
 47.0000    0    1.000   1.0000          NULL 
 48.0000    1    5.000   1.0000          x1c1
 53.0000    0    3.000   1.0000          NULL 
 56.0000    2    5.000   1.0000          x1c2
 61.0000    0    3.000   1.0000          NULL 
 64.0000    3    5.000   1.0000          x2c1
 69.0000    0    1.000   1.0000          NULL 
 70.0000    3    5.000   1.0000          x2c1
 75.0000    0    3.000   1.0000          NULL 
 78.0000    2    5.000   1.0000          x1c2
 83.0000    0    1.000   1.0000          NULL 
 84.0000    4    5.000   1.0000          x2c2
 89.0000    0    1.000   1.0000          NULL 
 90.0000    1    5.000   1.0000          x1c1
 95.0000    0    1.000   1.0000          NULL 
 96.0000    2    5.000   1.0000          x1c2
101.0000    0    1.000   1.0000          NULL 
102.0000    1    5.000   1.0000          x1c1
107.0000    0    1.000   1.0000          NULL 
108.0000    1    5.000   1.0000          x1c1
113.0000    0    1.000   1.0000          NULL 
114.0000    4    5.000   1.0000          x2c2
119.0000    0    1.000   1.0000          NULL 
120.0000    2    5.000   1.0000          x1c2
125.0000    0    3.000   1.0000          NULL 
128.0000    1    5.000   1.0000          x1c1
133.0000    0    5.000   1.0000          NULL 
138.0000    4    5.000   1.0000          x2c2
143.0000    0    1.000   1.0000          NULL 
