  0.0000    4    5.000   1.0000          x2c2
  5.0000    0    1.000   1.0000          NULL 
  6.0000    3    5.000   1.0000          x2c1
 11.0000    0    3.000   1.0000          NULL 
 14.0000    4    5.000   1.0000          x2c2
 19.0000    0    3.000   1.0000          NULL 
 22.0000    3    5.000   1.0000          x2c1
 27.0000    0    1.000   1.0000          NULL 
 28.0000    3    5.000   1.0000          x2c1
 33.0000    0    1.000   1.0000          NULL 
 34.0000    4    5.000   1.0000          x2c2
 39.0000    0    1.000   1.0000          NULL 
 40.0000    4    5.000   1.0000          x2c2
 45.0000    0    1.000   1.0000          NULL 
 46.0000    2    5.000   1.0000          x1c2
 51.0000    0    1.000   1.0000          NULL 
 52.0000    2    5.000   1.0000          x1c2
 57.0000    0    3.000   1.0000          NULL 
 60.0000    3    5.000   1.0000          x2c1
 65.0000    0    5.000   1.0000          NULL 
 70.0000    2    5.000   1.0000          x1c2
 75.0000    0    5.000   1.0000          NULL 
 80.0000    3    5.000   1.0000          x2c1
 85.0000    0    1.000   1.0000          NULL 
 86.0000    2    5.000   1.0000          x1c2
 91.0000    0    3.000   1.0000          NULL 
 94.0000    1    5.000   1.0000          x1c1
 99.0000    0    1.000   1.0000          NULL 
100.0000    1    5.000   1.0000          x1c1
105.0000    0    5.000   1.0000          NULL 
110.0000    1    5.000   1.0000          x1c1
115.0000    0    3.000   1.0000          NULL 
118.0000    2    5.000   1.0000          x1c2
123.0000    0    1.000   1.0000          NULL 
124.0000    1    5.000   1.0000          x1c1
129.0000    0    3.000   1.0000          NULL 
132.0000    4    5.000   1.0000          x2c2
137.0000    0    1.000   1.0000          NULL 
138.0000    1    5.000   1.0000          x1c1
143.0000    0    1.000   1.0000          NULL 
