  0.0000    4    5.000   1.0000          x2c2
  5.0000    0    5.000   1.0000          NULL 
 10.0000    4    5.000   1.0000          x2c2
 15.0000    0    1.000   1.0000          NULL 
 16.0000    2    5.000   1.0000          x1c2
 21.0000    0    1.000   1.0000          NULL 
 22.0000    2    5.000   1.0000          x1c2
 27.0000    0    3.000   1.0000          NULL 
 30.0000    1    5.000   1.0000          x1c1
 35.0000    0    1.000   1.0000          NULL 
 36.0000    3    5.000   1.0000          x2c1
 41.0000    0    5.000   1.0000          NULL 
 46.0000    2    5.000   1.0000          x1c2
 51.0000    0    5.000   1.0000          NULL 
 56.0000    1    5.000   1.0000          x1c1
 61.0000    0    1.000   1.0000          NULL 
 62.0000    2    5.000   1.0000          x1c2
 67.0000    0    3.000   1.0000          NULL 
 70.0000    3    5.000   1.0000          x2c1
 75.0000    0    1.000   1.0000          NULL 
 76.0000    3    5.000   1.0000          x2c1
 81.0000    0    3.000   1.0000          NULL 
 84.0000    1    5.000   1.0000          x1c1
 89.0000    0    1.000   1.0000          NULL 
 90.0000    4    5.000   1.0000          x2c2
 95.0000    0    1.000   1.0000          NULL 
 96.0000    3    5.000   1.0000          x2c1
101.0000    0    1.000   1.0000          NULL 
102.0000    4    5.000   1.0000          x2c2
107.0000    0    3.000   1.0000          NULL 
110.0000    2    5.000   1.0000          x1c2
115.0000    0    1.000   1.0000          NULL 
116.0000    1    5.000   1.0000          x1c1
121.0000    0    1.000   1.0000          NULL 
122.0000    4    5.000   1.0000          x2c2
127.0000    0    1.000   1.0000          NULL 
128.0000    1    5.000   1.0000          x1c1
133.0000    0    3.000   1.0000          NULL 
136.0000    3    5.000   1.0000          x2c1
141.0000    0    3.000   1.0000          NULL 
