  0.0000    2    5.000   1.0000          x1c2
  5.0000    0    1.000   1.0000          NULL 
  6.0000    3    5.000   1.0000          x2c1
 11.0000    0    1.000   1.0000          NULL 
 12.0000    1    5.000   1.0000          x1c1
 17.0000    0    1.000   1.0000          NULL 
 18.0000    4    5.000   1.0000          x2c2
 23.0000    0    1.000   1.0000          NULL 
 24.0000    1    5.000   1.0000          x1c1
 29.0000    0    3.000   1.0000          NULL 
 32.0000    2    5.000   1.0000          x1c2
 37.0000    0    1.000   1.0000          NULL 
 38.0000    1    5.000   1.0000          x1c1
 43.0000    0    1.000   1.0000          NULL 
 44.0000    2    5.000   1.0000          x1c2
 49.0000    0    3.000   1.0000          NULL 
 52.0000    3    5.000   1.0000          x2c1
 57.0000    0    5.000   1.0000          NULL 
 62.0000    1    5.000   1.0000          x1c1
 67.0000    0    1.000   1.0000          NULL 
 68.0000    3    5.000   1.0000          x2c1
 73.0000    0    3.000   1.0000          NULL 
 76.0000    1    5.000   1.0000          x1c1
 81.0000    0    1.000   1.0000          NULL 
 82.0000    4    5.000   1.0000          x2c2
 87.0000    0    5.000   1.0000          NULL 
 92.0000    3    5.000   1.0000          x2c1
 97.0000    0    1.000   1.0000          NULL 
 98.0000    4    5.000   1.0000          x2c2
103.0000    0    3.000   1.0000          NULL 
106.0000    2    5.000   1.0000          x1c2
111.0000    0    5.000   1.0000          NULL 
116.0000    4    5.000   1.0000          x2c2
121.0000    0    1.000   1.0000          NULL 
122.0000    4    5.000   1.0000          x2c2
127.0000    0    1.000   1.0000          NULL 
128.0000    3    5.000   1.0000          x2c1
133.0000    0    1.000   1.0000          NULL 
134.0000    2    5.000   1.0000          x1c2
139.0000    0    5.000   1.0000          NULL 
