  0.0000    4    5.000   1.0000          x2c2
  5.0000    0    5.000   1.0000          NULL 
 10.0000    1    5.000   1.0000          x1c1
 15.0000    0    1.000   1.0000          NULL 
 16.0000    4    5.000   1.0000          x2c2
 21.0000    0    1.000   1.0000          NULL 
 22.0000    3    5.000   1.0000          x2c1
 27.0000    0    1.000   1.0000          NULL 
 28.0000    1    5.000   1.0000          x1c1
 33.0000    0    1.000   1.0000          NULL 
 34.0000    1    5.000   1.0000          x1c1
 39.0000    0    1.000   1.0000          NULL 
 40.0000    2    5.000   1.0000          x1c2
 45.0000    0    1.000   1.0000          NULL 
 46.0000    3    5.000   1.0000          x2c1
 51.0000    0    3.000   1.0000          NULL 
 54.0000    4    5.000   1.0000          x2c2
 59.0000    0    1.000   1.0000          NULL 
 60.0000    1    5.000   1.0000          x1c1
 65.0000    0    3.000   1.0000          NULL 
 68.0000    3    5.000   1.0000          x2c1
 73.0000    0    1.000   1.0000          NULL 
 74.0000    4    5.000   1.0000          x2c2
 79.0000    0    1.000   1.0000          NULL 
 80.0000    2    5.000   1.0000          x1c2
 85.0000    0    5.000   1.0000          NULL 
 90.0000    2    5.000   1.0000          x1c2
 95.0000    0    1.000   1.0000          NULL 
 96.0000    1    5.000   1.0000          x1c1
101.0000    0    7.000   1.0000          NULL 
108.0000    2    5.000   1.0000          x1c2
113.0000    0    1.000   1.0000          NULL 
114.0000    4    5.000   1.0000          x2c2
119.0000    0    5.000   1.0000          NULL 
124.0000    3    5.000   1.0000          x2c1
129.0000    0    1.000   1.0000          NULL 
130.0000    3    5.000   1.0000          x2c1
135.0000    0    1.000   1.0000          NULL 
136.0000    2    5.000   1.0000          x1c2
141.0000    0    3.000   1.0000          NULL 
