  0.0000    1    5.000   1.0000          x1c1
  5.0000    0    3.000   1.0000          NULL 
  8.0000    2    5.000   1.0000          x1c2
 13.0000    0    1.000   1.0000          NULL 
 14.0000    3    5.000   1.0000          x2c1
 19.0000    0    1.000   1.0000          NULL 
 20.0000    2    5.000   1.0000          x1c2
 25.0000    0    1.000   1.0000          NULL 
 26.0000    4    5.000   1.0000          x2c2
 31.0000    0    1.000   1.0000          NULL 
 32.0000    3    5.000   1.0000          x2c1
 37.0000    0    3.000   1.0000          NULL 
 40.0000    4    5.000   1.0000          x2c2
 45.0000    0    3.000   1.0000          NULL 
 48.0000    3    5.000   1.0000          x2c1
 53.0000    0    1.000   1.0000          NULL 
 54.0000    1    5.000   1.0000          x1c1
 59.0000    0    1.000   1.0000          NULL 
 60.0000    3    5.000   1.0000          x2c1
 65.0000    0    3.000   1.0000          NULL 
 68.0000    1    5.000   1.0000          x1c1
 73.0000    0    1.000   1.0000          NULL 
 74.0000    2    5.000   1.0000          x1c2
 79.0000    0    1.000   1.0000          NULL 
 80.0000    1    5.000   1.0000          x1c1
 85.0000    0    5.000   1.0000          NULL 
 90.0000    2    5.000   1.0000          x1c2
 95.0000    0    5.000   1.0000          NULL 
100.0000    1    5.000   1.0000          x1c1
105.0000    0    5.000   1.0000          NULL 
110.0000    4    5.000   1.0000          x2c2
115.0000    0    3.000   1.0000          NULL 
118.0000    3    5.000   1.0000          x2c1
123.0000    0    1.000   1.0000          NULL 
124.0000    4    5.000   1.0000          x2c2
129.0000    0    1.000   1.0000          NULL 
130.0000    4    5.000   1.0000          x2c2
135.0000    0    1.000   1.0000          NULL 
136.0000    2    5.000   1.0000          x1c2
141.0000    0    3.000   1.0000          NULL 
