  0.0000    3    5.000   1.0000          x2c1
  5.0000    0    3.000   1.0000          NULL 
  8.0000    4    5.000   1.0000          x2c2
 13.0000    0    1.000   1.0000          NULL 
 14.0000    2    5.000   1.0000          x1c2
 19.0000    0    3.000   1.0000          NULL 
 22.0000    4    5.000   1.0000          x2c2
 27.0000    0    3.000   1.0000          NULL 
 30.0000    2    5.000   1.0000          x1c2
 35.0000    0    1.000   1.0000          NULL 
 36.0000    2    5.000   1.0000          x1c2
 41.0000    0    1.000   1.0000          NULL 
 42.0000    3    5.000   1.0000          x2c1
 47.0000    0    1.000   1.0000          NULL 
 48.0000    3    5.000   1.0000          x2c1
 53.0000    0    3.000   1.0000          NULL 
 56.0000    1    5.000   1.0000          x1c1
 61.0000    0    5.000   1.0000          NULL 
 66.0000    3    5.000   1.0000          x2c1
 71.0000    0    1.000   1.0000          NULL 
 72.0000    1    5.000   1.0000          x1c1
 77.0000    0    1.000   1.0000          NULL 
 78.0000    1    5.000   1.0000          x1c1
 83.0000    0    5.000   1.0000          NULL 
 88.0000    4    5.000   1.0000          x2c2
 93.0000    0    7.000   1.0000          NULL 
100.0000    1    5.000   1.0000          x1c1
105.0000    0    1.000   1.0000          NULL 
106.0000    4    5.000   1.0000          x2c2
111.0000    0    1.000   1.0000          NULL 
112.0000    1    5.000   1.0000          x1c1
117.0000    0    1.000   1.0000          NULL 
118.0000    3    5.000   1.0000          x2c1
123.0000    0    1.000   1.0000          NULL 
124.0000    2    5.000   1.0000          x1c2
129.0000    0    1.000   1.0000          NULL 
130.0000    4    5.000   1.0000          x2c2
135.0000    0    3.000   1.0000          NULL 
138.0000    2    5.000   1.0000          x1c2
143.0000    0    1.000   1.0000          NULL 
