  0.0000    4    5.000   1.0000          x2c2
  5.0000    0    5.000   1.0000          NULL 
 10.0000    2    5.000   1.0000          x1c2
 15.0000    0    3.000   1.0000          NULL 
 18.0000    2    5.000   1.0000          x1c2
 23.0000    0    3.000   1.0000          NULL 
 26.0000    1    5.000   1.0000          x1c1
 31.0000    0    1.000   1.0000          NULL 
 32.0000    1    5.000   1.0000          x1c1
 37.0000    0    1.000   1.0000          NULL 
 38.0000    2    5.000   1.0000          x1c2
 43.0000    0    1.000   1.0000          NULL 
 44.0000    1    5.000   1.0000          x1c1
 49.0000    0    1.000   1.0000          NULL 
 50.0000    4    5.000   1.0000          x2c2
 55.0000    0    1.000   1.0000          NULL 
 56.0000    3    5.000   1.0000          x2c1
 61.0000    0    1.000   1.0000          NULL 
 62.0000    1    5.000   1.0000          x1c1
 67.0000    0    1.000   1.0000          NULL 
 68.0000    3    5.000   1.0000          x2c1
 73.0000    0    7.000   1.0000          NULL 
 80.0000    2    5.000   1.0000          x1c2
 85.0000    0    1.000   1.0000          NULL 
 86.0000    3    5.000   1.0000          x2c1
 91.0000    0    3.000   1.0000          NULL 
 94.0000    4    5.000   1.0000          x2c2
 99.0000    0    3.000   1.0000          NULL 
102.0000    3    5.000   1.0000          x2c1
107.0000    0    3.000   1.0000          NULL 
110.0000    4    5.000   1.0000          x2c2
115.0000    0    1.000   1.0000          NULL 
116.0000    4    5.000   1.0000          x2c2
121.0000    0    1.000   1.0000          NULL 
122.0000    1    5.000   1.0000          x1c1
127.0000    0    5.000   1.0000          NULL 
132.0000    3    5.000   1.0000          x2c1
137.0000    0    1.000   1.0000          NULL 
138.0000    2    5.000   1.0000          x1c2
143.0000    0    1.000   1.0000          NULL 
