  0.0000    1    5.000   1.0000          x1c1
  5.0000    0    1.000   1.0000          NULL 
  6.0000    1    5.000   1.0000          x1c1
 11.0000    0    3.000   1.0000          NULL 
 14.0000    4    5.000   1.0000          x2c2
 19.0000    0    1.000   1.0000          NULL 
 20.0000    4    5.000   1.0000          x2c2
 25.0000    0    5.000   1.0000          NULL 
 30.0000    3    5.000   1.0000          x2c1
 35.0000    0    1.000   1.0000          NULL 
 36.0000    2    5.000   1.0000          x1c2
 41.0000    0    1.000   1.0000          NULL 
 42.0000    3    5.000   1.0000          x2c1
 47.0000    0    3.000   1.0000          NULL 
 50.0000    2    5.000   1.0000          x1c2
 55.0000    0    7.000   1.0000          NULL 
 62.0000    1    5.000   1.0000          x1c1
 67.0000    0    1.000   1.0000          NULL 
 68.0000    3    5.000   1.0000          x2c1
 73.0000    0    1.000   1.0000          NULL 
 74.0000    1    5.000   1.0000          x1c1
 79.0000    0    5.000   1.0000          NULL 
 84.0000    2    5.000   1.0000          x1c2
 89.0000    0    1.000   1.0000          NULL 
 90.0000    4    5.000   1.0000          x2c2
 95.0000    0    1.000   1.0000          NULL 
 96.0000    1    5.000   1.0000          x1c1
101.0000    0    3.000   1.0000          NULL 
104.0000    2    5.000   1.0000          x1c2
109.0000    0    3.000   1.0000          NULL 
112.0000    4    5.000   1.0000          x2c2
117.0000    0    1.000   1.0000          NULL 
118.0000    3    5.000   1.0000          x2c1
123.0000    0    1.000   1.0000          NULL 
124.0000    4    5.000   1.0000          x2c2
129.0000    0    1.000   1.0000          NULL 
130.0000    2    5.000   1.0000          x1c2
135.0000    0    3.000   1.0000          NULL 
138.0000    3    5.000   1.0000          x2c1
143.0000    0    1.000   1.0000          NULL 
