  0.0000    2    5.000   1.0000          x1c2
  5.0000    0    3.000   1.0000          NULL 
  8.0000    4    5.000   1.0000          x2c2
 13.0000    0    1.000   1.0000          NULL 
 14.0000    1    5.000   1.0000          x1c1
 19.0000    0    5.000   1.0000          NULL 
 24.0000    4    5.000   1.0000          x2c2
 29.0000    0    5.000   1.0000          NULL 
 34.0000    3    5.000   1.0000          x2c1
 39.0000    0    1.000   1.0000          NULL 
 40.0000    2    5.000   1.0000          x1c2
 45.0000    0    1.000   1.0000          NULL 
 46.0000    1    5.000   1.0000          x1c1
 51.0000    0    1.000   1.0000          NULL 
 52.0000    2    5.000   1.0000          x1c2
 57.0000    0    1.000   1.0000          NULL 
 58.0000    4    5.000   1.0000          x2c2
 63.0000    0    3.000   1.0000          NULL 
 66.0000    3    5.000   1.0000          x2c1
 71.0000    0    3.000   1.0000          NULL 
 74.0000    3    5.000   1.0000          x2c1
 79.0000    0    3.000   1.0000          NULL 
 82.0000    4    5.000   1.0000          x2c2
 87.0000    0    5.000   1.0000          NULL 
 92.0000    2    5.000   1.0000          x1c2
 97.0000    0    1.000   1.0000          NULL 
 98.0000    1    5.000   1.0000          x1c1
103.0000    0    1.000   1.0000          NULL 
104.0000    3    5.000   1.0000          x2c1
109.0000    0    1.000   1.0000          NULL 
110.0000    3    5.000   1.0000          x2c1
115.0000    0    1.000   1.0000          NULL 
116.0000    4    5.000   1.0000          x2c2
121.0000    0    1.000   1.0000          NULL 
122.0000    2    5.000   1.0000          x1c2
127.0000    0    5.000   1.0000          NULL 
132.0000    1    5.000   1.0000          x1c1
137.0000    0    1.000   1.0000          NULL 
138.0000    1    5.000   1.0000          x1c1
143.0000    0    1.000   1.0000          NULL 
