  0.0000    1    5.000   1.0000          x1c1
  5.0000    0    5.000   1.0000          NULL 
 10.0000    2    5.000   1.0000          x1c2
 15.0000    0    1.000   1.0000          NULL 
 16.0000    4    5.000   1.0000          x2c2
 21.0000    0    1.000   1.0000          NULL 
 22.0000    2    5.000   1.0000          x1c2
 27.0000    0    3.000   1.0000          NULL 
 30.0000    4    5.000   1.0000          x2c2
 35.0000    0    3.000   1.0000          NULL 
 38.0000    1    5.000   1.0000          x1c1
 43.0000    0    1.000   1.0000          NULL 
 44.0000    4    5.000   1.0000          x2c2
 49.0000    0    1.000   1.0000          NULL 
 50.0000    3    5.000   1.0000          x2c1
 55.0000    0    7.000   1.0000          NULL 
 62.0000    2    5.000   1.0000          x1c2
 67.0000    0    1.000   1.0000          NULL 
 68.0000    3    5.000   1.0000          x2c1
 73.0000    0    1.000   1.0000          NULL 
 74.0000    2    5.000   1.0000          x1c2
 79.0000    0    1.000   1.0000          NULL 
 80.0000    1    5.000   1.0000          x1c1
 85.0000    0    1.000   1.0000          NULL 
 86.0000    3    5.000   1.0000          x2c1
 91.0000    0    1.000   1.0000          NULL 
 92.0000    3    5.000   1.0000          x2c1
 97.0000    0    1.000   1.0000          NULL 
 98.0000    1    5.000   1.0000          x1c1
103.0000    0    1.000   1.0000          NULL 
104.0000    1    5.000   1.0000          x1c1
109.0000    0    7.000   1.0000          NULL 
116.0000    2    5.000   1.0000          x1c2
121.0000    0    3.000   1.0000          NULL 
124.0000    3    5.000   1.0000          x2c1
129.0000    0    3.000   1.0000          NULL 
132.0000    4    5.000   1.0000          x2c2
137.0000    0    1.000   1.0000          NULL 
138.0000    4    5.000   1.0000          x2c2
143.0000    0    1.000   1.0000          NULL 
