  0.0000    2    5.000   1.0000          x1c2
  5.0000    0    5.000   1.0000          NULL 
 10.0000    4    5.000   1.0000          x2c2
 15.0000    0    1.000   1.0000          NULL 
 16.0000    4    5.000   1.0000          x2c2
 21.0000    0    1.000   1.0000          NULL 
 22.0000    3    5.000   1.0000          x2c1
 27.0000    0    1.000   1.0000          NULL 
 28.0000    3    5.000   1.0000          x2c1
 33.0000    0    1.000   1.0000          NULL 
 34.0000    2    5.000   1.0000          x1c2
 39.0000    0    1.000   1.0000          NULL 
 40.0000    2    5.000   1.0000          x1c2
 45.0000    0    1.000   1.0000          NULL 
 46.0000    3    5.000   1.0000          x2c1
 51.0000    0    3.000   1.0000          NULL 
 54.0000    2    5.000   1.0000          x1c2
 59.0000    0    7.000   1.0000          NULL 
 66.0000    4    5.000   1.0000          x2c2
 71.0000    0    3.000   1.0000          NULL 
 74.0000    4    5.000   1.0000          x2c2
 79.0000    0    3.000   1.0000          NULL 
 82.0000    3    5.000   1.0000          x2c1
 87.0000    0    1.000   1.0000          NULL 
 88.0000    1    5.000   1.0000          x1c1
 93.0000    0    1.000   1.0000          NULL 
 94.0000    3    5.000   1.0000          x2c1
 99.0000    0    3.000   1.0000          NULL 
102.0000    2    5.000   1.0000          x1c2
107.0000    0    1.000   1.0000          NULL 
108.0000    1    5.000   1.0000          x1c1
113.0000    0    3.000   1.0000          NULL 
116.0000    1    5.000   1.0000          x1c1
121.0000    0    1.000   1.0000          NULL 
122.0000    1    5.000   1.0000          x1c1
127.0000    0    5.000   1.0000          NULL 
132.0000    1    5.000   1.0000          x1c1
137.0000    0    1.000   1.0000          NULL 
138.0000    4    5.000   1.0000          x2c2
143.0000    0    1.000   1.0000          NULL 
