  0.0000    2    5.000   1.0000          x1c2
  5.0000    0    3.000   1.0000          NULL 
  8.0000    2    5.000   1.0000          x1c2
 13.0000    0    5.000   1.0000          NULL 
 18.0000    1    5.000   1.0000          x1c1
 23.0000    0    7.000   1.0000          NULL 
 30.0000    4    5.000   1.0000          x2c2
 35.0000    0    1.000   1.0000          NULL 
 36.0000    1    5.000   1.0000          x1c1
 41.0000    0    3.000   1.0000          NULL 
 44.0000    1    5.000   1.0000          x1c1
 49.0000    0    1.000   1.0000          NULL 
 50.0000    3    5.000   1.0000          x2c1
 55.0000    0    1.000   1.0000          NULL 
 56.0000    2    5.000   1.0000          x1c2
 61.0000    0    3.000   1.0000          NULL 
 64.0000    4    5.000   1.0000          x2c2
 69.0000    0    1.000   1.0000          NULL 
 70.0000    2    5.000   1.0000          x1c2
 75.0000    0    1.000   1.0000          NULL 
 76.0000    3    5.000   1.0000          x2c1
 81.0000    0    3.000   1.0000          NULL 
 84.0000    3    5.000   1.0000          x2c1
 89.0000    0    1.000   1.0000          NULL 
 90.0000    1    5.000   1.0000          x1c1
 95.0000    0    1.000   1.0000          NULL 
 96.0000    2    5.000   1.0000          x1c2
101.0000    0    1.000   1.0000          NULL 
102.0000    4    5.000   1.0000          x2c2
107.0000    0    1.000   1.0000          NULL 
108.0000    3    5.000   1.0000          x2c1
113.0000    0    3.000   1.0000          NULL 
116.0000    1    5.000   1.0000          x1c1
121.0000    0    1.000   1.0000          NULL 
122.0000    4    5.000   1.0000          x2c2
127.0000    0    3.000   1.0000          NULL 
130.0000    3    5.000   1.0000          x2c1
135.0000    0    1.000   1.0000          NULL 
136.0000    4    5.000   1.0000          x2c2
141.0000    0    3.000   1.0000          NULL 
