  0.0000    2    5.000   1.0000          x1c2
  5.0000    0    1.000   1.0000          NULL 
  6.0000    3    5.000   1.0000          x2c1
 11.0000    0    7.000   1.0000          NULL 
 18.0000    2    5.000   1.0000          x1c2
 23.0000    0    5.000   1.0000          NULL 
 28.0000    1    5.000   1.0000          x1c1
 33.0000    0    1.000   1.0000          NULL 
 34.0000    4    5.000   1.0000          x2c2
 39.0000    0    1.000   1.0000          NULL 
 40.0000    2    5.000   1.0000          x1c2
 45.0000    0    3.000   1.0000          NULL 
 48.0000    3    5.000   1.0000          x2c1
 53.0000    0    1.000   1.0000          NULL 
 54.0000    1    5.000   1.0000          x1c1
 59.0000    0    3.000   1.0000          NULL 
 62.0000    1    5.000   1.0000          x1c1
 67.0000    0    1.000   1.0000          NULL 
 68.0000    1    5.000   1.0000          x1c1
 73.0000    0    1.000   1.0000          NULL 
 74.0000    2    5.000   1.0000          x1c2
 79.0000    0    1.000   1.0000          NULL 
 80.0000    1    5.000   1.0000          x1c1
 85.0000    0    1.000   1.0000          NULL 
 86.0000    3    5.000   1.0000          x2c1
 91.0000    0    3.000   1.0000          NULL 
 94.0000    4    5.000   1.0000          x2c2
 99.0000    0    5.000   1.0000          NULL 
104.0000    3    5.000   1.0000          x2c1
109.0000    0    3.000   1.0000          NULL 
112.0000    4    5.000   1.0000          x2c2
117.0000    0    1.000   1.0000          NULL 
118.0000    4    5.000   1.0000          x2c2
123.0000    0    1.000   1.0000          NULL 
124.0000    3    5.000   1.0000          x2c1
129.0000    0    1.000   1.0000          NULL 
130.0000    2    5.000   1.0000          x1c2
135.0000    0    1.000   1.0000          NULL 
136.0000    4    5.000   1.0000          x2c2
141.0000    0    3.000   1.0000          NULL 
