  0.0000    2    5.000   1.0000          x1c2
  5.0000    0    3.000   1.0000          NULL 
  8.0000    2    5.000   1.0000          x1c2
 13.0000    0    5.000   1.0000          NULL 
 18.0000    1    5.000   1.0000          x1c1
 23.0000    0    3.000   1.0000          NULL 
 26.0000    2    5.000   1.0000          x1c2
 31.0000    0    1.000   1.0000          NULL 
 32.0000    1    5.000   1.0000          x1c1
 37.0000    0    1.000   1.0000          NULL 
 38.0000    4    5.000   1.0000          x2c2
 43.0000    0    1.000   1.0000          NULL 
 44.0000    1    5.000   1.0000          x1c1
 49.0000    0    1.000   1.0000          NULL 
 50.0000    3    5.000   1.0000          x2c1
 55.0000    0    3.000   1.0000          NULL 
 58.0000    3    5.000   1.0000          x2c1
 63.0000    0    1.000   1.0000          NULL 
 64.0000    3    5.000   1.0000          x2c1
 69.0000    0    1.000   1.0000          NULL 
 70.0000    1    5.000   1.0000          x1c1
 75.0000    0    3.000   1.0000          NULL 
 78.0000    4    5.000   1.0000          x2c2
 83.0000    0    1.000   1.0000          NULL 
 84.0000    3    5.000   1.0000          x2c1
 89.0000    0    1.000   1.0000          NULL 
 90.0000    2    5.000   1.0000          x1c2
 95.0000    0    1.000   1.0000          NULL 
 96.0000    3    5.000   1.0000          x2c1
101.0000    0    3.000   1.0000          NULL 
104.0000    4    5.000   1.0000          x2c2
109.0000    0    1.000   1.0000          NULL 
110.0000    2    5.000   1.0000          x1c2
115.0000    0    3.000   1.0000          NULL 
118.0000    4    5.000   1.0000          x2c2
123.0000    0    1.000   1.0000          NULL 
124.0000    4    5.000   1.0000          x2c2
129.0000    0    5.000   1.0000          NULL 
134.0000    1    5.000   1.0000          x1c1
139.0000    0    5.000   1.0000          NULL 
