  0.0000    3    5.000   1.0000          x2c1
  5.0000    0    3.000   1.0000          NULL 
  8.0000    2    5.000   1.0000          x1c2
 13.0000    0    1.000   1.0000          NULL 
 14.0000    2    5.000   1.0000          x1c2
 19.0000    0    1.000   1.0000          NULL 
 20.0000    3    5.000   1.0000          x2c1
 25.0000    0    5.000   1.0000          NULL 
 30.0000    1    5.000   1.0000          x1c1
 35.0000    0    1.000   1.0000          NULL 
 36.0000    2    5.000   1.0000          x1c2
 41.0000    0    1.000   1.0000          NULL 
 42.0000    1    5.000   1.0000          x1c1
 47.0000    0    1.000   1.0000          NULL 
 48.0000    4    5.000   1.0000          x2c2
 53.0000    0    5.000   1.0000          NULL 
 58.0000    3    5.000   1.0000          x2c1
 63.0000    0    3.000   1.0000          NULL 
 66.0000    3    5.000   1.0000          x2c1
 71.0000    0    1.000   1.0000          NULL 
 72.0000    3    5.000   1.0000          x2c1
 77.0000    0    1.000   1.0000          NULL 
 78.0000    4    5.000   1.0000          x2c2
 83.0000    0    3.000   1.0000          NULL 
 86.0000    1    5.000   1.0000          x1c1
 91.0000    0    1.000   1.0000          NULL 
 92.0000    1    5.000   1.0000          x1c1
 97.0000    0    3.000   1.0000          NULL 
100.0000    2    5.000   1.0000          x1c2
105.0000    0    5.000   1.0000          NULL 
110.0000    4    5.000   1.0000          x2c2
115.0000    0    3.000   1.0000          NULL 
118.0000    4    5.000   1.0000          x2c2
123.0000    0    1.000   1.0000          NULL 
124.0000    2    5.000   1.0000          x1c2
129.0000    0    3.000   1.0000          NULL 
132.0000    4    5.000   1.0000          x2c2
137.0000    0    1.000   1.0000          NULL 
138.0000    1    5.000   1.0000          x1c1
143.0000    0    1.000   1.0000          NULL 
