  0.0000    2    5.000   1.0000          x1c2
  5.0000    0    5.000   1.0000          NULL 
 10.0000    3    5.000   1.0000          x2c1
 15.0000    0    1.000   1.0000          NULL 
 16.0000    1    5.000   1.0000          x1c1
 21.0000    0    1.000   1.0000          NULL 
 22.0000    1    5.000   1.0000          x1c1
 27.0000    0    1.000   1.0000          NULL 
 28.0000    2    5.000   1.0000          x1c2
 33.0000    0    3.000   1.0000          NULL 
 36.0000    1    5.000   1.0000          x1c1
 41.0000    0    3.000   1.0000          NULL 
 44.0000    3    5.000   1.0000          x2c1
 49.0000    0    1.000   1.0000          NULL 
 50.0000    2    5.000   1.0000          x1c2
 55.0000    0    3.000   1.0000          NULL 
 58.0000    4    5.000   1.0000          x2c2
 63.0000    0    5.000   1.0000          NULL 
 68.0000    4    5.000   1.0000          x2c2
 73.0000    0    1.000   1.0000          NULL 
 74.0000    3    5.000   1.0000          x2c1
 79.0000    0    1.000   1.0000          NULL 
 80.0000    4    5.000   1.0000          x2c2
 85.0000    0    3.000   1.0000          NULL 
 88.0000    2    5.000   1.0000          x1c2
 93.0000    0    1.000   1.0000          NULL 
 94.0000    3    5.000   1.0000          x2c1
 99.0000    0    3.000   1.0000          NULL 
102.0000    4    5.000   1.0000          x2c2
107.0000    0    1.000   1.0000          NULL 
108.0000    4    5.000   1.0000          x2c2
113.0000    0    1.000   1.0000          NULL 
114.0000    1    5.000   1.0000          x1c1
119.0000    0    3.000   1.0000          NULL 
122.0000    2    5.000   1.0000          x1c2
127.0000    0    5.000   1.0000          NULL 
132.0000    1    5.000   1.0000          x1c1
137.0000    0    1.000   1.0000          NULL 
138.0000    3    5.000   1.0000          x2c1
143.0000    0    1.000   1.0000          NULL 
