  0.0000    1    5.000   1.0000          x1c1
  5.0000    0    5.000   1.0000          NULL 
 10.0000    3    5.000   1.0000          x2c1
 15.0000    0    1.000   1.0000          NULL 
 16.0000    2    5.000   1.0000          x1c2
 21.0000    0    1.000   1.0000          NULL 
 22.0000    2    5.000   1.0000          x1c2
 27.0000    0    1.000   1.0000          NULL 
 28.0000    3    5.000   1.0000          x2c1
 33.0000    0    7.000   1.0000          NULL 
 40.0000    4    5.000   1.0000          x2c2
 45.0000    0    1.000   1.0000          NULL 
 46.0000    3    5.000   1.0000          x2c1
 51.0000    0    3.000   1.0000          NULL 
 54.0000    4    5.000   1.0000          x2c2
 59.0000    0    3.000   1.0000          NULL 
 62.0000    4    5.000   1.0000          x2c2
 67.0000    0    1.000   1.0000          NULL 
 68.0000    2    5.000   1.0000          x1c2
 73.0000    0    3.000   1.0000          NULL 
 76.0000    2    5.000   1.0000          x1c2
 81.0000    0    3.000   1.0000          NULL 
 84.0000    1    5.000   1.0000          x1c1
 89.0000    0    1.000   1.0000          NULL 
 90.0000    3    5.000   1.0000          x2c1
 95.0000    0    1.000   1.0000          NULL 
 96.0000    3    5.000   1.0000          x2c1
101.0000    0    1.000   1.0000          NULL 
102.0000    4    5.000   1.0000          x2c2
107.0000    0    7.000   1.0000          NULL 
114.0000    2    5.000   1.0000          x1c2
119.0000    0    1.000   1.0000          NULL 
120.0000    1    5.000   1.0000          x1c1
125.0000    0    1.000   1.0000          NULL 
126.0000    1    5.000   1.0000          x1c1
131.0000    0    1.000   1.0000          NULL 
132.0000    1    5.000   1.0000          x1c1
137.0000    0    1.000   1.0000          NULL 
138.0000    4    5.000   1.0000          x2c2
143.0000    0    1.000   1.0000          NULL 
