  0.0000    4    5.000   1.0000          x2c2
  5.0000    0    1.000   1.0000          NULL 
  6.0000    1    5.000   1.0000          x1c1
 11.0000    0    1.000   1.0000          NULL 
 12.0000    2    5.000   1.0000          x1c2
 17.0000    0    3.000   1.0000          NULL 
 20.0000    2    5.000   1.0000          x1c2
 25.0000    0    1.000   1.0000          NULL 
 26.0000    1    5.000   1.0000          x1c1
 31.0000    0    5.000   1.0000          NULL 
 36.0000    4    5.000   1.0000          x2c2
 41.0000    0    1.000   1.0000          NULL 
 42.0000    4    5.000   1.0000          x2c2
 47.0000    0    1.000   1.0000          NULL 
 48.0000    3    5.000   1.0000          x2c1
 53.0000    0    1.000   1.0000          NULL 
 54.0000    3    5.000   1.0000          x2c1
 59.0000    0    3.000   1.0000          NULL 
 62.0000    1    5.000   1.0000          x1c1
 67.0000    0    1.000   1.0000          NULL 
 68.0000    1    5.000   1.0000          x1c1
 73.0000    0    1.000   1.0000          NULL 
 74.0000    3    5.000   1.0000          x2c1
 79.0000    0    1.000   1.0000          NULL 
 80.0000    2    5.000   1.0000          x1c2
 85.0000    0    7.000   1.0000          NULL 
 92.0000    2    5.000   1.0000          x1c2
 97.0000    0    1.000   1.0000          NULL 
 98.0000    4    5.000   1.0000          x2c2
103.0000    0    7.000   1.0000          NULL 
110.0000    3    5.000   1.0000          x2c1
115.0000    0    1.000   1.0000          NULL 
116.0000    1    5.000   1.0000          x1c1
121.0000    0    3.000   1.0000          NULL 
124.0000    3    5.000   1.0000          x2c1
129.0000    0    1.000   1.0000          NULL 
130.0000    4    5.000   1.0000          x2c2
135.0000    0    1.000   1.0000          NULL 
136.0000    2    5.000   1.0000          x1c2
141.0000    0    3.000   1.0000          NULL 
