  0.0000    1    5.000   1.0000          x1c1
  5.0000    0    1.000   1.0000          NULL 
  6.0000    3    5.000   1.0000          x2c1
 11.0000    0    1.000   1.0000          NULL 
 12.0000    1    5.000   1.0000          x1c1
 17.0000    0    5.000   1.0000          NULL 
 22.0000    4    5.000   1.0000          x2c2
 27.0000    0    1.000   1.0000          NULL 
 28.0000    4    5.000   1.0000          x2c2
 33.0000    0    1.000   1.0000          NULL 
 34.0000    2    5.000   1.0000          x1c2
 39.0000    0    1.000   1.0000          NULL 
 40.0000    2    5.000   1.0000          x1c2
 45.0000    0    1.000   1.0000          NULL 
 46.0000    1    5.000   1.0000          x1c1
 51.0000    0    3.000   1.0000          NULL 
 54.0000    4    5.000   1.0000          x2c2
 59.0000    0    3.000   1.0000          NULL 
 62.0000    4    5.000   1.0000          x2c2
 67.0000    0    1.000   1.0000          NULL 
 68.0000    3    5.000   1.0000          x2c1
 73.0000    0    5.000   1.0000          NULL 
 78.0000    2    5.000   1.0000          x1c2
 83.0000    0    1.000   1.0000          NULL 
 84.0000    3    5.000   1.0000          x2c1
 89.0000    0    1.000   1.0000          NULL 
 90.0000    2    5.000   1.0000          x1c2
 95.0000    0    7.000   1.0000          NULL 
102.0000    3    5.000   1.0000          x2c1
107.0000    0    1.000   1.0000          NULL 
108.0000    4    5.000   1.0000          x2c2
113.0000    0    1.000   1.0000          NULL 
114.0000    1    5.000   1.0000          x1c1
119.0000    0    1.000   1.0000          NULL 
120.0000    2    5.000   1.0000          x1c2
125.0000    0    5.000   1.0000          NULL 
130.0000    1    5.000   1.0000          x1c1
135.0000    0    3.000   1.0000          NULL 
138.0000    3    5.000   1.0000          x2c1
143.0000    0    1.000   1.0000          NULL 
