  0.0000    2    5.000   1.0000          x1c2
  5.0000    0    3.000   1.0000          NULL 
  8.0000    2    5.000   1.0000          x1c2
 13.0000    0    1.000   1.0000          NULL 
 14.0000    4    5.000   1.0000          x2c2
 19.0000    0    1.000   1.0000          NULL 
 20.0000    3    5.000   1.0000          x2c1
 25.0000    0    3.000   1.0000          NULL 
 28.0000    1    5.000   1.0000          x1c1
 33.0000    0    1.000   1.0000          NULL 
 34.0000    1    5.000   1.0000          x1c1
 39.0000    0    1.000   1.0000          NULL 
 40.0000    4    5.000   1.0000          x2c2
 45.0000    0    3.000   1.0000          NULL 
 48.0000    1    5.000   1.0000          x1c1
 53.0000    0    3.000   1.0000          NULL 
 56.0000    4    5.000   1.0000          x2c2
 61.0000    0    1.000   1.0000          NULL 
 62.0000    4    5.000   1.0000          x2c2
 67.0000    0    1.000   1.0000          NULL 
 68.0000    2    5.000   1.0000          x1c2
 73.0000    0    1.000   1.0000          NULL 
 74.0000    3    5.000   1.0000          x2c1
 79.0000    0    1.000   1.0000          NULL 
 80.0000    2    5.000   1.0000          x1c2
 85.0000    0    7.000   1.0000          NULL 
 92.0000    4    5.000   1.0000          x2c2
 97.0000    0    5.000   1.0000          NULL 
102.0000    3    5.000   1.0000          x2c1
107.0000    0    1.000   1.0000          NULL 
108.0000    1    5.000   1.0000          x1c1
113.0000    0    3.000   1.0000          NULL 
116.0000    2    5.000   1.0000          x1c2
121.0000    0    3.000   1.0000          NULL 
124.0000    1    5.000   1.0000          x1c1
129.0000    0    1.000   1.0000          NULL 
130.0000    3    5.000   1.0000          x2c1
135.0000    0    1.000   1.0000          NULL 
136.0000    3    5.000   1.0000          x2c1
141.0000    0    3.000   1.0000          NULL 
