  0.0000    2    5.000   1.0000          x1c2
  5.0000    0    1.000   1.0000          NULL 
  6.0000    3    5.000   1.0000          x2c1
 11.0000    0    1.000   1.0000          NULL 
 12.0000    3    5.000   1.0000          x2c1
 17.0000    0    1.000   1.0000          NULL 
 18.0000    2    5.000   1.0000          x1c2
 23.0000    0    3.000   1.0000          NULL 
 26.0000    3    5.000   1.0000          x2c1
 31.0000    0    3.000   1.0000          NULL 
 34.0000    2    5.000   1.0000          x1c2
 39.0000    0    5.000   1.0000          NULL 
 44.0000    1    5.000   1.0000          x1c1
 49.0000    0    3.000   1.0000          NULL 
 52.0000    4    5.000   1.0000          x2c2
 57.0000    0    5.000   1.0000          NULL 
 62.0000    3    5.000   1.0000          x2c1
 67.0000    0    1.000   1.0000          NULL 
 68.0000    4    5.000   1.0000          x2c2
 73.0000    0    1.000   1.0000          NULL 
 74.0000    2    5.000   1.0000          x1c2
 79.0000    0    3.000   1.0000          NULL 
 82.0000    4    5.000   1.0000          x2c2
 87.0000    0    1.000   1.0000          NULL 
 88.0000    3    5.000   1.0000          x2c1
 93.0000    0    1.000   1.0000          NULL 
 94.0000    1    5.000   1.0000          x1c1
 99.0000    0    1.000   1.0000          NULL 
100.0000    2    5.000   1.0000          x1c2
105.0000    0    1.000   1.0000          NULL 
106.0000    1    5.000   1.0000          x1c1
111.0000    0    1.000   1.0000          NULL 
112.0000    4    5.000   1.0000          x2c2
117.0000    0    7.000   1.0000          NULL 
124.0000    1    5.000   1.0000          x1c1
129.0000    0    1.000   1.0000          NULL 
130.0000    1    5.000   1.0000          x1c1
135.0000    0    3.000   1.0000          NULL 
138.0000    4    5.000   1.0000          x2c2
143.0000    0    1.000   1.0000          NULL 
