  0.0000    2    5.000   1.0000          x1c2
  5.0000    0    5.000   1.0000          NULL 
 10.0000    1    5.000   1.0000          x1c1
 15.0000    0    3.000   1.0000          NULL 
 18.0000    1    5.000   1.0000          x1c1
 23.0000    0    1.000   1.0000          NULL 
 24.0000    2    5.000   1.0000          x1c2
 29.0000    0    1.000   1.0000          NULL 
 30.0000    3    5.000   1.0000          x2c1
 35.0000    0    1.000   1.0000          NULL 
 36.0000    3    5.000   1.0000          x2c1
 41.0000    0    1.000   1.0000          NULL 
 42.0000    4    5.000   1.0000          x2c2
 47.0000    0    1.000   1.0000          NULL 
 48.0000    1    5.000   1.0000          x1c1
 53.0000    0    1.000   1.0000          NULL 
 54.0000    4    5.000   1.0000          x2c2
 59.0000    0    3.000   1.0000          NULL 
 62.0000    4    5.000   1.0000          x2c2
 67.0000    0    1.000   1.0000          NULL 
 68.0000    2    5.000   1.0000          x1c2
 73.0000    0    1.000   1.0000          NULL 
 74.0000    2    5.000   1.0000          x1c2
 79.0000    0    1.000   1.0000          NULL 
 80.0000    4    5.000   1.0000          x2c2
 85.0000    0    1.000   1.0000          NULL 
 86.0000    1    5.000   1.0000          x1c1
 91.0000    0    7.000   1.0000          NULL 
 98.0000    3    5.000   1.0000          x2c1
103.0000    0    3.000   1.0000          NULL 
106.0000    4    5.000   1.0000          x2c2
111.0000    0    1.000   1.0000          NULL 
112.0000    3    5.000   1.0000          x2c1
117.0000    0    7.000   1.0000          NULL 
124.0000    2    5.000   1.0000          x1c2
129.0000    0    3.000   1.0000          NULL 
132.0000    3    5.000   1.0000          x2c1
137.0000    0    1.000   1.0000          NULL 
138.0000    1    5.000   1.0000          x1c1
143.0000    0    1.000   1.0000          NULL 
