  0.0000    3    5.000   1.0000          x2c1
  5.0000    0    3.000   1.0000          NULL 
  8.0000    4    5.000   1.0000          x2c2
 13.0000    0    1.000   1.0000          NULL 
 14.0000    2    5.000   1.0000          x1c2
 19.0000    0    3.000   1.0000          NULL 
 22.0000    2    5.000   1.0000          x1c2
 27.0000    0    1.000   1.0000          NULL 
 28.0000    2    5.000   1.0000          x1c2
 33.0000    0    1.000   1.0000          NULL 
 34.0000    4    5.000   1.0000          x2c2
 39.0000    0    3.000   1.0000          NULL 
 42.0000    3    5.000   1.0000          x2c1
 47.0000    0    1.000   1.0000          NULL 
 48.0000    2    5.000   1.0000          x1c2
 53.0000    0    3.000   1.0000          NULL 
 56.0000    1    5.000   1.0000          x1c1
 61.0000    0    3.000   1.0000          NULL 
 64.0000    4    5.000   1.0000          x2c2
 69.0000    0    3.000   1.0000          NULL 
 72.0000    1    5.000   1.0000          x1c1
 77.0000    0    1.000   1.0000          NULL 
 78.0000    2    5.000   1.0000          x1c2
 83.0000    0    1.000   1.0000          NULL 
 84.0000    3    5.000   1.0000          x2c1
 89.0000    0    3.000   1.0000          NULL 
 92.0000    1    5.000   1.0000          x1c1
 97.0000    0    1.000   1.0000          NULL 
 98.0000    4    5.000   1.0000          x2c2
103.0000    0    1.000   1.0000          NULL 
104.0000    1    5.000   1.0000          x1c1
109.0000    0    5.000   1.0000          NULL 
114.0000    4    5.000   1.0000          x2c2
119.0000    0    5.000   1.0000          NULL 
124.0000    3    5.000   1.0000          x2c1
129.0000    0    1.000   1.0000          NULL 
130.0000    3    5.000   1.0000          x2c1
135.0000    0    1.000   1.0000          NULL 
136.0000    1    5.000   1.0000          x1c1
141.0000    0    3.000   1.0000          NULL 
