  0.0000    2    5.000   1.0000          x1c2
  5.0000    0    1.000   1.0000          NULL 
  6.0000    1    5.000   1.0000          x1c1
 11.0000    0    1.000   1.0000          NULL 
 12.0000    2    5.000   1.0000          x1c2
 17.0000    0    1.000   1.0000          NULL 
 18.0000    3    5.000   1.0000          x2c1
 23.0000    0    1.000   1.0000          NULL 
 24.0000    2    5.000   1.0000          x1c2
 29.0000    0    5.000   1.0000          NULL 
 34.0000    1    5.000   1.0000          x1c1
 39.0000    0    1.000   1.0000          NULL 
 40.0000    1    5.000   1.0000          x1c1
 45.0000    0    1.000   1.0000          NULL 
 46.0000    4    5.000   1.0000          x2c2
 51.0000    0    3.000   1.0000          NULL 
 54.0000    3    5.000   1.0000          x2c1
 59.0000    0    1.000   1.0000          NULL 
 60.0000    1    5.000   1.0000          x1c1
 65.0000    0    3.000   1.0000          NULL 
 68.0000    4    5.000   1.0000          x2c2
 73.0000    0    5.000   1.0000          NULL 
 78.0000    4    5.000   1.0000          x2c2
 83.0000    0    1.000   1.0000          NULL 
 84.0000    3    5.000   1.0000          x2c1
 89.0000    0    7.000   1.0000          NULL 
 96.0000    1    5.000   1.0000          x1c1
101.0000    0    1.000   1.0000          NULL 
102.0000    3    5.000   1.0000          x2c1
107.0000    0    1.000   1.0000          NULL 
108.0000    3    5.000   1.0000          x2c1
113.0000    0    3.000   1.0000          NULL 
116.0000    4    5.000   1.0000          x2c2
121.0000    0    1.000   1.0000          NULL 
122.0000    4    5.000   1.0000          x2c2
127.0000    0    1.000   1.0000          NULL 
128.0000    2    5.000   1.0000          x1c2
133.0000    0    3.000   1.0000          NULL 
136.0000    2    5.000   1.0000          x1c2
141.0000    0    3.000   1.0000          NULL 
