  0.0000    3    5.000   1.0000          x2c1
  5.0000    0    3.000   1.0000          NULL 
  8.0000    2    5.000   1.0000          x1c2
 13.0000    0    3.000   1.0000          NULL 
 16.0000    4    5.000   1.0000          x2c2
 21.0000    0    5.000   1.0000          NULL 
 26.0000    2    5.000   1.0000          x1c2
 31.0000    0    3.000   1.0000          NULL 
 34.0000    3    5.000   1.0000          x2c1
 39.0000    0    1.000   1.0000          NULL 
 40.0000    2    5.000   1.0000          x1c2
 45.0000    0    5.000   1.0000          NULL 
 50.0000    1    5.000   1.0000          x1c1
 55.0000    0    1.000   1.0000          NULL 
 56.0000    1    5.000   1.0000          x1c1
 61.0000    0    1.000   1.0000          NULL 
 62.0000    2    5.000   1.0000          x1c2
 67.0000    0    1.000   1.0000          NULL 
 68.0000    3    5.000   1.0000          x2c1
 73.0000    0    1.000   1.0000          NULL 
 74.0000    4    5.000   1.0000          x2c2
 79.0000    0    3.000   1.0000          NULL 
 82.0000    4    5.000   1.0000          x2c2
 87.0000    0    1.000   1.0000          NULL 
 88.0000    4    5.000   1.0000          x2c2
 93.0000    0    1.000   1.0000          NULL 
 94.0000    1    5.000   1.0000          x1c1
 99.0000    0    3.000   1.0000          NULL 
102.0000    1    5.000   1.0000          x1c1
107.0000    0    5.000   1.0000          NULL 
112.0000    3    5.000   1.0000          x2c1
117.0000    0    1.000   1.0000          NULL 
118.0000    3    5.000   1.0000          x2c1
123.0000    0    1.000   1.0000          NULL 
124.0000    1    5.000   1.0000          x1c1
129.0000    0    3.000   1.0000          NULL 
132.0000    2    5.000   1.0000          x1c2
137.0000    0    1.000   1.0000          NULL 
138.0000    4    5.000   1.0000          x2c2
143.0000    0    1.000   1.0000          NULL 
