  0.0000    1    5.000   1.0000          x1c1
  5.0000    0    5.000   1.0000          NULL 
 10.0000    4    5.000   1.0000          x2c2
 15.0000    0    1.000   1.0000          NULL 
 16.0000    4    5.000   1.0000          x2c2
 21.0000    0    1.000   1.0000          NULL 
 22.0000    3    5.000   1.0000          x2c1
 27.0000    0    1.000   1.0000          NULL 
 28.0000    1    5.000   1.0000          x1c1
 33.0000    0    1.000   1.0000          NULL 
 34.0000    1    5.000   1.0000          x1c1
 39.0000    0    3.000   1.0000          NULL 
 42.0000    1    5.000   1.0000          x1c1
 47.0000    0    1.000   1.0000          NULL 
 48.0000    3    5.000   1.0000          x2c1
 53.0000    0    5.000   1.0000          NULL 
 58.0000    2    5.000   1.0000          x1c2
 63.0000    0    3.000   1.0000          NULL 
 66.0000    3    5.000   1.0000          x2c1
 71.0000    0    3.000   1.0000          NULL 
 74.0000    2    5.000   1.0000          x1c2
 79.0000    0    1.000   1.0000          NULL 
 80.0000    3    5.000   1.0000          x2c1
 85.0000    0    1.000   1.0000          NULL 
 86.0000    4    5.000   1.0000          x2c2
 91.0000    0    5.000   1.0000          NULL 
 96.0000    3    5.000   1.0000          x2c1
101.0000    0    1.000   1.0000          NULL 
102.0000    2    5.000   1.0000          x1c2
107.0000    0    1.000   1.0000          NULL 
108.0000    4    5.000   1.0000          x2c2
113.0000    0    3.000   1.0000          NULL 
116.0000    4    5.000   1.0000          x2c2
121.0000    0    1.000   1.0000          NULL 
122.0000    1    5.000   1.0000          x1c1
127.0000    0    3.000   1.0000          NULL 
130.0000    2    5.000   1.0000          x1c2
135.0000    0    1.000   1.0000          NULL 
136.0000    2    5.000   1.0000          x1c2
141.0000    0    3.000   1.0000          NULL 
