  0.0000    2    5.000   1.0000          x1c2
  5.0000    0    5.000   1.0000          NULL 
 10.0000    2    5.000   1.0000          x1c2
 15.0000    0    3.000   1.0000          NULL 
 18.0000    4    5.000   1.0000          x2c2
 23.0000    0    1.000   1.0000          NULL 
 24.0000    4    5.000   1.0000          x2c2
 29.0000    0    1.000   1.0000          NULL 
 30.0000    1    5.000   1.0000          x1c1
 35.0000    0    1.000   1.0000          NULL 
 36.0000    4    5.000   1.0000          x2c2
 41.0000    0    1.000   1.0000          NULL 
 42.0000    3    5.000   1.0000          x2c1
 47.0000    0    1.000   1.0000          NULL 
 48.0000    3    5.000   1.0000          x2c1
 53.0000    0    5.000   1.0000          NULL 
 58.0000    3    5.000   1.0000          x2c1
 63.0000    0    3.000   1.0000          NULL 
 66.0000    4    5.000   1.0000          x2c2
 71.0000    0    3.000   1.0000          NULL 
 74.0000    3    5.000   1.0000          x2c1
 79.0000    0    1.000   1.0000          NULL 
 80.0000    4    5.000   1.0000          x2c2
 85.0000    0    1.000   1.0000          NULL 
 86.0000    2    5.000   1.0000          x1c2
 91.0000    0    1.000   1.0000          NULL 
 92.0000    3    5.000   1.0000          x2c1
 97.0000    0    1.000   1.0000          NULL 
 98.0000    2    5.000   1.0000          x1c2
103.0000    0    5.000   1.0000          NULL 
108.0000    1    5.000   1.0000          x1c1
113.0000    0    1.000   1.0000          NULL 
114.0000    2    5.000   1.0000          x1c2
119.0000    0    1.000   1.0000          NULL 
120.0000    1    5.000   1.0000          x1c1
125.0000    0    3.000   1.0000          NULL 
128.0000    1    5.000   1.0000          x1c1
133.0000    0    1.000   1.0000          NULL 
134.0000    1    5.000   1.0000          x1c1
139.0000    0    5.000   1.0000          NULL 
