  0.0000    2    5.000   1.0000          x1c2
  5.0000    0    3.000   1.0000          NULL 
  8.0000    1    5.000   1.0000          x1c1
 13.0000    0    5.000   1.0000          NULL 
 18.0000    3    5.000   1.0000          x2c1
 23.0000    0    1.000   1.0000          NULL 
 24.0000    2    5.000   1.0000          x1c2
 29.0000    0    3.000   1.0000          NULL 
 32.0000    4    5.000   1.0000          x2c2
 37.0000    0    1.000   1.0000          NULL 
 38.0000    4    5.000   1.0000          x2c2
 43.0000    0    1.000   1.0000          NULL 
 44.0000    2    5.000   1.0000          x1c2
 49.0000    0    5.000   1.0000          NULL 
 54.0000    3    5.000   1.0000          x2c1
 59.0000    0    1.000   1.0000          NULL 
 60.0000    3    5.000   1.0000          x2c1
 65.0000    0    1.000   1.0000          NULL 
 66.0000    4    5.000   1.0000          x2c2
 71.0000    0    3.000   1.0000          NULL 
 74.0000    1    5.000   1.0000          x1c1
 79.0000    0    1.000   1.0000          NULL 
 80.0000    3    5.000   1.0000          x2c1
 85.0000    0    1.000   1.0000          NULL 
 86.0000    1    5.000   1.0000          x1c1
 91.0000    0    3.000   1.0000          NULL 
 94.0000    2    5.000   1.0000          x1c2
 99.0000    0    1.000   1.0000          NULL 
100.0000    4    5.000   1.0000          x2c2
105.0000    0    5.000   1.0000          NULL 
110.0000    2    5.000   1.0000          x1c2
115.0000    0    1.000   1.0000          NULL 
116.0000    1    5.000   1.0000          x1c1
121.0000    0    3.000   1.0000          NULL 
124.0000    3    5.000   1.0000          x2c1
129.0000    0    3.000   1.0000          NULL 
132.0000    1    5.000   1.0000          x1c1
137.0000    0    1.000   1.0000          NULL 
138.0000    4    5.000   1.0000          x2c2
143.0000    0    1.000   1.0000          NULL 
