  0.0000    3    5.000   1.0000          x2c1
  5.0000    0    5.000   1.0000          NULL 
 10.0000    1    5.000   1.0000          x1c1
 15.0000    0    3.000   1.0000          NULL 
 18.0000    4    5.000   1.0000          x2c2
 23.0000    0    1.000   1.0000          NULL 
 24.0000    2    5.000   1.0000          x1c2
 29.0000    0    5.000   1.0000          NULL 
 34.0000    1    5.000   1.0000          x1c1
 39.0000    0    1.000   1.0000          NULL 
 40.0000    2    5.000   1.0000          x1c2
 45.0000    0    1.000   1.0000          NULL 
 46.0000    1    5.000   1.0000          x1c1
 51.0000    0    1.000   1.0000          NULL 
 52.0000    4    5.000   1.0000          x2c2
 57.0000    0    1.000   1.0000          NULL 
 58.0000    1    5.000   1.0000          x1c1
 63.0000    0    3.000   1.0000          NULL 
 66.0000    2    5.000   1.0000          x1c2
 71.0000    0    1.000   1.0000          NULL 
 72.0000    2    5.000   1.0000          x1c2
 77.0000    0    3.000   1.0000          NULL 
 80.0000    2    5.000   1.0000          x1c2
 85.0000    0    1.000   1.0000          NULL 
 86.0000    4    5.000   1.0000          x2c2
 91.0000    0    1.000   1.0000          NULL 
 92.0000    1    5.000   1.0000          x1c1
 97.0000    0    1.000   1.0000          NULL 
 98.0000    3    5.000   1.0000          x2c1
103.0000    0    1.000   1.0000          NULL 
104.0000    4    5.000   1.0000          x2c2
109.0000    0    5.000   1.0000          NULL 
114.0000    4    5.000   1.0000          x2c2
119.0000    0    3.000   1.0000          NULL 
122.0000    3    5.000   1.0000          x2c1
127.0000    0    1.000   1.0000          NULL 
128.0000    3    5.000   1.0000          x2c1
133.0000    0    3.000   1.0000          NULL 
136.0000    3    5.000   1.0000          x2c1
141.0000    0    3.000   1.0000          NULL 
