  0.0000    2    5.000   1.0000          x1c2
  5.0000    0    3.000   1.0000          NULL 
  8.0000    4    5.000   1.0000          x2c2
 13.0000    0    3.000   1.0000          NULL 
 16.0000    4    5.000   1.0000          x2c2
 21.0000    0    1.000   1.0000          NULL 
 22.0000    4    5.000   1.0000          x2c2
 27.0000    0    1.000   1.0000          NULL 
 28.0000    2    5.000   1.0000          x1c2
 33.0000    0    3.000   1.0000          NULL 
 36.0000    3    5.000   1.0000          x2c1
 41.0000    0    1.000   1.0000          NULL 
 42.0000    3    5.000   1.0000          x2c1
 47.0000    0    1.000   1.0000          NULL 
 48.0000    2    5.000   1.0000          x1c2
 53.0000    0    1.000   1.0000          NULL 
 54.0000    4    5.000   1.0000          x2c2
 59.0000    0    1.000   1.0000          NULL 
 60.0000    1    5.000   1.0000          x1c1
 65.0000    0    1.000   1.0000          NULL 
 66.0000    3    5.000   1.0000          x2c1
 71.0000    0    3.000   1.0000          NULL 
 74.0000    2    5.000   1.0000          x1c2
 79.0000    0    7.000   1.0000          NULL 
 86.0000    2    5.000   1.0000          x1c2
 91.0000    0    3.000   1.0000          NULL 
 94.0000    1    5.000   1.0000          x1c1
 99.0000    0    1.000   1.0000          NULL 
100.0000    4    5.000   1.0000          x2c2
105.0000    0    1.000   1.0000          NULL 
106.0000    3    5.000   1.0000          x2c1
111.0000    0    3.000   1.0000          NULL 
114.0000    1    5.000   1.0000          x1c1
119.0000    0    1.000   1.0000          NULL 
120.0000    1    5.000   1.0000          x1c1
125.0000    0    5.000   1.0000          NULL 
130.0000    1    5.000   1.0000          x1c1
135.0000    0    3.000   1.0000          NULL 
138.0000    3    5.000   1.0000          x2c1
143.0000    0    1.000   1.0000          NULL 
