  0.0000    2    5.000   1.0000          x1c2
  5.0000    0    1.000   1.0000          NULL 
  6.0000    1    5.000   1.0000          x1c1
 11.0000    0    3.000   1.0000          NULL 
 14.0000    2    5.000   1.0000          x1c2
 19.0000    0    3.000   1.0000          NULL 
 22.0000    1    5.000   1.0000          x1c1
 27.0000    0    3.000   1.0000          NULL 
 30.0000    1    5.000   1.0000          x1c1
 35.0000    0    1.000   1.0000          NULL 
 36.0000    3    5.000   1.0000          x2c1
 41.0000    0    1.000   1.0000          NULL 
 42.0000    4    5.000   1.0000          x2c2
 47.0000    0    1.000   1.0000          NULL 
 48.0000    3    5.000   1.0000          x2c1
 53.0000    0    1.000   1.0000          NULL 
 54.0000    1    5.000   1.0000          x1c1
 59.0000    0    3.000   1.0000          NULL 
 62.0000    2    5.000   1.0000          x1c2
 67.0000    0    5.000   1.0000          NULL 
 72.0000    3    5.000   1.0000          x2c1
 77.0000    0    5.000   1.0000          NULL 
 82.0000    4    5.000   1.0000          x2c2
 87.0000    0    1.000   1.0000          NULL 
 88.0000    4    5.000   1.0000          x2c2
 93.0000    0    5.000   1.0000          NULL 
 98.0000    3    5.000   1.0000          x2c1
103.0000    0    1.000   1.0000          NULL 
104.0000    2    5.000   1.0000          x1c2
109.0000    0    1.000   1.0000          NULL 
110.0000    3    5.000   1.0000          x2c1
115.0000    0    3.000   1.0000          NULL 
118.0000    1    5.000   1.0000          x1c1
123.0000    0    1.000   1.0000          NULL 
124.0000    2    5.000   1.0000          x1c2
129.0000    0    1.000   1.0000          NULL 
130.0000    4    5.000   1.0000          x2c2
135.0000    0    3.000   1.0000          NULL 
138.0000    4    5.000   1.0000          x2c2
143.0000    0    1.000   1.0000          NULL 
