  0.0000    3    5.000   1.0000          x2c1
  5.0000    0    3.000   1.0000          NULL 
  8.0000    1    5.000   1.0000          x1c1
 13.0000    0    1.000   1.0000          NULL 
 14.0000    3    5.000   1.0000          x2c1
 19.0000    0    1.000   1.0000          NULL 
 20.0000    2    5.000   1.0000          x1c2
 25.0000    0    3.000   1.0000          NULL 
 28.0000    2    5.000   1.0000          x1c2
 33.0000    0    1.000   1.0000          NULL 
 34.0000    3    5.000   1.0000          x2c1
 39.0000    0    7.000   1.0000          NULL 
 46.0000    4    5.000   1.0000          x2c2
 51.0000    0    1.000   1.0000          NULL 
 52.0000    2    5.000   1.0000          x1c2
 57.0000    0    1.000   1.0000          NULL 
 58.0000    2    5.000   1.0000          x1c2
 63.0000    0    1.000   1.0000          NULL 
 64.0000    4    5.000   1.0000          x2c2
 69.0000    0    1.000   1.0000          NULL 
 70.0000    1    5.000   1.0000          x1c1
 75.0000    0    1.000   1.0000          NULL 
 76.0000    1    5.000   1.0000          x1c1
 81.0000    0    1.000   1.0000          NULL 
 82.0000    4    5.000   1.0000          x2c2
 87.0000    0    7.000   1.0000          NULL 
 94.0000    3    5.000   1.0000          x2c1
 99.0000    0    1.000   1.0000          NULL 
100.0000    2    5.000   1.0000          x1c2
105.0000    0    7.000   1.0000          NULL 
112.0000    1    5.000   1.0000          x1c1
117.0000    0    3.000   1.0000          NULL 
120.0000    4    5.000   1.0000          x2c2
125.0000    0    1.000   1.0000          NULL 
126.0000    4    5.000   1.0000          x2c2
131.0000    0    1.000   1.0000          NULL 
132.0000    3    5.000   1.0000          x2c1
137.0000    0    1.000   1.0000          NULL 
138.0000    1    5.000   1.0000          x1c1
143.0000    0    1.000   1.0000          NULL 
