  0.0000    4    5.000   1.0000          x2c2
  5.0000    0    1.000   1.0000          NULL 
  6.0000    3    5.000   1.0000          x2c1
 11.0000    0    1.000   1.0000          NULL 
 12.0000    1    5.000   1.0000          x1c1
 17.0000    0    1.000   1.0000          NULL 
 18.0000    4    5.000   1.0000          x2c2
 23.0000    0    1.000   1.0000          NULL 
 24.0000    2    5.000   1.0000          x1c2
 29.0000    0    1.000   1.0000          NULL 
 30.0000    1    5.000   1.0000          x1c1
 35.0000    0    1.000   1.0000          NULL 
 36.0000    3    5.000   1.0000          x2c1
 41.0000    0    1.000   1.0000          NULL 
 42.0000    4    5.000   1.0000          x2c2
 47.0000    0    1.000   1.0000          NULL 
 48.0000    4    5.000   1.0000          x2c2
 53.0000    0    3.000   1.0000          NULL 
 56.0000    2    5.000   1.0000          x1c2
 61.0000    0    5.000   1.0000          NULL 
 66.0000    3    5.000   1.0000          x2c1
 71.0000    0    1.000   1.0000          NULL 
 72.0000    1    5.000   1.0000          x1c1
 77.0000    0    3.000   1.0000          NULL 
 80.0000    3    5.000   1.0000          x2c1
 85.0000    0    3.000   1.0000          NULL 
 88.0000    4    5.000   1.0000          x2c2
 93.0000    0    5.000   1.0000          NULL 
 98.0000    3    5.000   1.0000          x2c1
103.0000    0    1.000   1.0000          NULL 
104.0000    2    5.000   1.0000          x1c2
109.0000    0    7.000   1.0000          NULL 
116.0000    2    5.000   1.0000          x1c2
121.0000    0    3.000   1.0000          NULL 
124.0000    1    5.000   1.0000          x1c1
129.0000    0    3.000   1.0000          NULL 
132.0000    1    5.000   1.0000          x1c1
137.0000    0    1.000   1.0000          NULL 
138.0000    2    5.000   1.0000          x1c2
143.0000    0    1.000   1.0000          NULL 
