  0.0000    4    5.000   1.0000          x2c2
  5.0000    0    5.000   1.0000          NULL 
 10.0000    2    5.000   1.0000          x1c2
 15.0000    0    1.000   1.0000          NULL 
 16.0000    4    5.000   1.0000          x2c2
 21.0000    0    1.000   1.0000          NULL 
 22.0000    1    5.000   1.0000          x1c1
 27.0000    0    7.000   1.0000          NULL 
 34.0000    3    5.000   1.0000          x2c1
 39.0000    0    3.000   1.0000          NULL 
 42.0000    2    5.000   1.0000          x1c2
 47.0000    0    1.000   1.0000          NULL 
 48.0000    2    5.000   1.0000          x1c2
 53.0000    0    5.000   1.0000          NULL 
 58.0000    1    5.000   1.0000          x1c1
 63.0000    0    1.000   1.0000          NULL 
 64.0000    2    5.000   1.0000          x1c2
 69.0000    0    3.000   1.0000          NULL 
 72.0000    4    5.000   1.0000          x2c2
 77.0000    0    3.000   1.0000          NULL 
 80.0000    1    5.000   1.0000          x1c1
 85.0000    0    3.000   1.0000          NULL 
 88.0000    1    5.000   1.0000          x1c1
 93.0000    0    1.000   1.0000          NULL 
 94.0000    4    5.000   1.0000          x2c2
 99.0000    0    1.000   1.0000          NULL 
100.0000    2    5.000   1.0000          x1c2
105.0000    0    1.000   1.0000          NULL 
106.0000    3    5.000   1.0000          x2c1
111.0000    0    3.000   1.0000          NULL 
114.0000    3    5.000   1.0000          x2c1
119.0000    0    1.000   1.0000          NULL 
120.0000    4    5.000   1.0000          x2c2
125.0000    0    1.000   1.0000          NULL 
126.0000    1    5.000   1.0000          x1c1
131.0000    0    1.000   1.0000          NULL 
132.0000    3    5.000   1.0000          x2c1
137.0000    0    1.000   1.0000          NULL 
138.0000    3    5.000   1.0000          x2c1
143.0000    0    1.000   1.0000          NULL 
