  0.0000    2    5.000   1.0000          x1c2
  5.0000    0    1.000   1.0000          NULL 
  6.0000    4    5.000   1.0000          x2c2
 11.0000    0    3.000   1.0000          NULL 
 14.0000    1    5.000   1.0000          x1c1
 19.0000    0    1.000   1.0000          NULL 
 20.0000    1    5.000   1.0000          x1c1
 25.0000    0    1.000   1.0000          NULL 
 26.0000    2    5.000   1.0000          x1c2
 31.0000    0    1.000   1.0000          NULL 
 32.0000    1    5.000   1.0000          x1c1
 37.0000    0    5.000   1.0000          NULL 
 42.0000    3    5.000   1.0000          x2c1
 47.0000    0    1.000   1.0000          NULL 
 48.0000    4    5.000   1.0000          x2c2
 53.0000    0    1.000   1.0000          NULL 
 54.0000    3    5.000   1.0000          x2c1
 59.0000    0    1.000   1.0000          NULL 
 60.0000    2    5.000   1.0000          x1c2
 65.0000    0    1.000   1.0000          NULL 
 66.0000    3    5.000   1.0000          x2c1
 71.0000    0    5.000   1.0000          NULL 
 76.0000    3    5.000   1.0000          x2c1
 81.0000    0    1.000   1.0000          NULL 
 82.0000    1    5.000   1.0000          x1c1
 87.0000    0    1.000   1.0000          NULL 
 88.0000    4    5.000   1.0000          x2c2
 93.0000    0    5.000   1.0000          NULL 
 98.0000    4    5.000   1.0000          x2c2
103.0000    0    3.000   1.0000          NULL 
106.0000    1    5.000   1.0000          x1c1
111.0000    0    3.000   1.0000          NULL 
114.0000    3    5.000   1.0000          x2c1
119.0000    0    5.000   1.0000          NULL 
124.0000    4    5.000   1.0000          x2c2
129.0000    0    1.000   1.0000          NULL 
130.0000    2    5.000   1.0000          x1c2
135.0000    0    3.000   1.0000          NULL 
138.0000    2    5.000   1.0000          x1c2
143.0000    0    1.000   1.0000          NULL 
