  0.0000    2    5.000   1.0000          x1c2
  5.0000    0    5.000   1.0000          NULL 
 10.0000    3    5.000   1.0000          x2c1
 15.0000    0    1.000   1.0000          NULL 
 16.0000    1    5.000   1.0000          x1c1
 21.0000    0    1.000   1.0000          NULL 
 22.0000    2    5.000   1.0000          x1c2
 27.0000    0    1.000   1.0000          NULL 
 28.0000    3    5.000   1.0000          x2c1
 33.0000    0    5.000   1.0000          NULL 
 38.0000    3    5.000   1.0000          x2c1
 43.0000    0    5.000   1.0000          NULL 
 48.0000    1    5.000   1.0000          x1c1
 53.0000    0    1.000   1.0000          NULL 
 54.0000    3    5.000   1.0000          x2c1
 59.0000    0    1.000   1.0000          NULL 
 60.0000    4    5.000   1.0000          x2c2
 65.0000    0    3.000   1.0000          NULL 
 68.0000    3    5.000   1.0000          x2c1
 73.0000    0    3.000   1.0000          NULL 
 76.0000    4    5.000   1.0000          x2c2
 81.0000    0    3.000   1.0000          NULL 
 84.0000    2    5.000   1.0000          x1c2
 89.0000    0    1.000   1.0000          NULL 
 90.0000    4    5.000   1.0000          x2c2
 95.0000    0    5.000   1.0000          NULL 
100.0000    1    5.000   1.0000          x1c1
105.0000    0    3.000   1.0000          NULL 
108.0000    4    5.000   1.0000          x2c2
113.0000    0    1.000   1.0000          NULL 
114.0000    1    5.000   1.0000          x1c1
119.0000    0    1.000   1.0000          NULL 
120.0000    1    5.000   1.0000          x1c1
125.0000    0    1.000   1.0000          NULL 
126.0000    4    5.000   1.0000          x2c2
131.0000    0    1.000   1.0000          NULL 
132.0000    2    5.000   1.0000          x1c2
137.0000    0    1.000   1.0000          NULL 
138.0000    2    5.000   1.0000          x1c2
143.0000    0    1.000   1.0000          NULL 
