  0.0000    3    5.000   1.0000          x2c1
  5.0000    0    1.000   1.0000          NULL 
  6.0000    4    5.000   1.0000          x2c2
 11.0000    0    1.000   1.0000          NULL 
 12.0000    1    5.000   1.0000          x1c1
 17.0000    0    1.000   1.0000          NULL 
 18.0000    1    5.000   1.0000          x1c1
 23.0000    0    3.000   1.0000          NULL 
 26.0000    3    5.000   1.0000          x2c1
 31.0000    0    1.000   1.0000          NULL 
 32.0000    3    5.000   1.0000          x2c1
 37.0000    0    1.000   1.0000          NULL 
 38.0000    2    5.000   1.0000          x1c2
 43.0000    0    3.000   1.0000          NULL 
 46.0000    1    5.000   1.0000          x1c1
 51.0000    0    1.000   1.0000          NULL 
 52.0000    3    5.000   1.0000          x2c1
 57.0000    0    5.000   1.0000          NULL 
 62.0000    2    5.000   1.0000          x1c2
 67.0000    0    3.000   1.0000          NULL 
 70.0000    4    5.000   1.0000          x2c2
 75.0000    0    3.000   1.0000          NULL 
 78.0000    3    5.000   1.0000          x2c1
 83.0000    0    3.000   1.0000          NULL 
 86.0000    4    5.000   1.0000          x2c2
 91.0000    0    3.000   1.0000          NULL 
 94.0000    4    5.000   1.0000          x2c2
 99.0000    0    1.000   1.0000          NULL 
100.0000    2    5.000   1.0000          x1c2
105.0000    0    1.000   1.0000          NULL 
106.0000    1    5.000   1.0000          x1c1
111.0000    0    1.000   1.0000          NULL 
112.0000    4    5.000   1.0000          x2c2
117.0000    0    3.000   1.0000          NULL 
120.0000    1    5.000   1.0000          x1c1
125.0000    0    1.000   1.0000          NULL 
126.0000    2    5.000   1.0000          x1c2
131.0000    0    7.000   1.0000          NULL 
138.0000    2    5.000   1.0000          x1c2
143.0000    0    1.000   1.0000          NULL 
