  0.0000    3    5.000   1.0000          x2c1
  5.0000    0    7.000   1.0000          NULL 
 12.0000    4    5.000   1.0000          x2c2
 17.0000    0    1.000   1.0000          NULL 
 18.0000    3    5.000   1.0000          x2c1
 23.0000    0    1.000   1.0000          NULL 
 24.0000    2    5.000   1.0000          x1c2
 29.0000    0    3.000   1.0000          NULL 
 32.0000    4    5.000   1.0000          x2c2
 37.0000    0    3.000   1.0000          NULL 
 40.0000    1    5.000   1.0000          x1c1
 45.0000    0    1.000   1.0000          NULL 
 46.0000    1    5.000   1.0000          x1c1
 51.0000    0    1.000   1.0000          NULL 
 52.0000    4    5.000   1.0000          x2c2
 57.0000    0    1.000   1.0000          NULL 
 58.0000    2    5.000   1.0000          x1c2
 63.0000    0    1.000   1.0000          NULL 
 64.0000    2    5.000   1.0000          x1c2
 69.0000    0    3.000   1.0000          NULL 
 72.0000    3    5.000   1.0000          x2c1
 77.0000    0    1.000   1.0000          NULL 
 78.0000    3    5.000   1.0000          x2c1
 83.0000    0    1.000   1.0000          NULL 
 84.0000    1    5.000   1.0000          x1c1
 89.0000    0    1.000   1.0000          NULL 
 90.0000    2    5.000   1.0000          x1c2
 95.0000    0    1.000   1.0000          NULL 
 96.0000    1    5.000   1.0000          x1c1
101.0000    0    3.000   1.0000          NULL 
104.0000    4    5.000   1.0000          x2c2
109.0000    0    5.000   1.0000          NULL 
114.0000    3    5.000   1.0000          x2c1
119.0000    0    3.000   1.0000          NULL 
122.0000    1    5.000   1.0000          x1c1
127.0000    0    3.000   1.0000          NULL 
130.0000    2    5.000   1.0000          x1c2
135.0000    0    1.000   1.0000          NULL 
136.0000    4    5.000   1.0000          x2c2
141.0000    0    3.000   1.0000          NULL 
