  0.0000    4    5.000   1.0000          x2c2
  5.0000    0    1.000   1.0000          NULL 
  6.0000    4    5.000   1.0000          x2c2
 11.0000    0    1.000   1.0000          NULL 
 12.0000    2    5.000   1.0000          x1c2
 17.0000    0    3.000   1.0000          NULL 
 20.0000    2    5.000   1.0000          x1c2
 25.0000    0    1.000   1.0000          NULL 
 26.0000    1    5.000   1.0000          x1c1
 31.0000    0    1.000   1.0000          NULL 
 32.0000    3    5.000   1.0000          x2c1
 37.0000    0    3.000   1.0000          NULL 
 40.0000    1    5.000   1.0000          x1c1
 45.0000    0    1.000   1.0000          NULL 
 46.0000    1    5.000   1.0000          x1c1
 51.0000    0    7.000   1.0000          NULL 
 58.0000    3    5.000   1.0000          x2c1
 63.0000    0    1.000   1.0000          NULL 
 64.0000    2    5.000   1.0000          x1c2
 69.0000    0    1.000   1.0000          NULL 
 70.0000    4    5.000   1.0000          x2c2
 75.0000    0    1.000   1.0000          NULL 
 76.0000    3    5.000   1.0000          x2c1
 81.0000    0    5.000   1.0000          NULL 
 86.0000    2    5.000   1.0000          x1c2
 91.0000    0    5.000   1.0000          NULL 
 96.0000    4    5.000   1.0000          x2c2
101.0000    0    3.000   1.0000          NULL 
104.0000    3    5.000   1.0000          x2c1
109.0000    0    1.000   1.0000          NULL 
110.0000    4    5.000   1.0000          x2c2
115.0000    0    5.000   1.0000          NULL 
120.0000    3    5.000   1.0000          x2c1
125.0000    0    1.000   1.0000          NULL 
126.0000    1    5.000   1.0000          x1c1
131.0000    0    1.000   1.0000          NULL 
132.0000    1    5.000   1.0000          x1c1
137.0000    0    1.000   1.0000          NULL 
138.0000    2    5.000   1.0000          x1c2
143.0000    0    1.000   1.0000          NULL 
