  0.0000    2    5.000   1.0000          x1c2
  5.0000    0    7.000   1.0000          NULL 
 12.0000    1    5.000   1.0000          x1c1
 17.0000    0    1.000   1.0000          NULL 
 18.0000    2    5.000   1.0000          x1c2
 23.0000    0    1.000   1.0000          NULL 
 24.0000    3    5.000   1.0000          x2c1
 29.0000    0    1.000   1.0000          NULL 
 30.0000    1    5.000   1.0000          x1c1
 35.0000    0    1.000   1.0000          NULL 
 36.0000    1    5.000   1.0000          x1c1
 41.0000    0    3.000   1.0000          NULL 
 44.0000    1    5.000   1.0000          x1c1
 49.0000    0    3.000   1.0000          NULL 
 52.0000    1    5.000   1.0000          x1c1
 57.0000    0    1.000   1.0000          NULL 
 58.0000    4    5.000   1.0000          x2c2
 63.0000    0    3.000   1.0000          NULL 
 66.0000    4    5.000   1.0000          x2c2
 71.0000    0    1.000   1.0000          NULL 
 72.0000    3    5.000   1.0000          x2c1
 77.0000    0    1.000   1.0000          NULL 
 78.0000    3    5.000   1.0000          x2c1
 83.0000    0    1.000   1.0000          NULL 
 84.0000    4    5.000   1.0000          x2c2
 89.0000    0    5.000   1.0000          NULL 
 94.0000    3    5.000   1.0000          x2c1
 99.0000    0    1.000   1.0000          NULL 
100.0000    2    5.000   1.0000          x1c2
105.0000    0    1.000   1.0000          NULL 
106.0000    2    5.000   1.0000          x1c2
111.0000    0    1.000   1.0000          NULL 
112.0000    4    5.000   1.0000          x2c2
117.0000    0    3.000   1.0000          NULL 
120.0000    3    5.000   1.0000          x2c1
125.0000    0    7.000   1.0000          NULL 
132.0000    4    5.000   1.0000          x2c2
137.0000    0    1.000   1.0000          NULL 
138.0000    2    5.000   1.0000          x1c2
143.0000    0    1.000   1.0000          NULL 
