  0.0000    3    5.000   1.0000          x2c1
  5.0000    0    3.000   1.0000          NULL 
  8.0000    2    5.000   1.0000          x1c2
 13.0000    0    5.000   1.0000          NULL 
 18.0000    1    5.000   1.0000          x1c1
 23.0000    0    1.000   1.0000          NULL 
 24.0000    4    5.000   1.0000          x2c2
 29.0000    0    1.000   1.0000          NULL 
 30.0000    1    5.000   1.0000          x1c1
 35.0000    0    1.000   1.0000          NULL 
 36.0000    2    5.000   1.0000          x1c2
 41.0000    0    1.000   1.0000          NULL 
 42.0000    4    5.000   1.0000          x2c2
 47.0000    0    5.000   1.0000          NULL 
 52.0000    3    5.000   1.0000          x2c1
 57.0000    0    1.000   1.0000          NULL 
 58.0000    3    5.000   1.0000          x2c1
 63.0000    0    5.000   1.0000          NULL 
 68.0000    3    5.000   1.0000          x2c1
 73.0000    0    1.000   1.0000          NULL 
 74.0000    1    5.000   1.0000          x1c1
 79.0000    0    3.000   1.0000          NULL 
 82.0000    1    5.000   1.0000          x1c1
 87.0000    0    1.000   1.0000          NULL 
 88.0000    3    5.000   1.0000          x2c1
 93.0000    0    1.000   1.0000          NULL 
 94.0000    4    5.000   1.0000          x2c2
 99.0000    0    3.000   1.0000          NULL 
102.0000    2    5.000   1.0000          x1c2
107.0000    0    5.000   1.0000          NULL 
112.0000    2    5.000   1.0000          x1c2
117.0000    0    1.000   1.0000          NULL 
118.0000    2    5.000   1.0000          x1c2
123.0000    0    1.000   1.0000          NULL 
124.0000    1    5.000   1.0000          x1c1
129.0000    0    3.000   1.0000          NULL 
132.0000    4    5.000   1.0000          x2c2
137.0000    0    1.000   1.0000          NULL 
138.0000    4    5.000   1.0000          x2c2
143.0000    0    1.000   1.0000          NULL 
