  0.0000    4    5.000   1.0000          x2c2
  5.0000    0    1.000   1.0000          NULL 
  6.0000    1    5.000   1.0000          x1c1
 11.0000    0    5.000   1.0000          NULL 
 16.0000    2    5.000   1.0000          x1c2
 21.0000    0    1.000   1.0000          NULL 
 22.0000    2    5.000   1.0000          x1c2
 27.0000    0    1.000   1.0000          NULL 
 28.0000    3    5.000   1.0000          x2c1
 33.0000    0    1.000   1.0000          NULL 
 34.0000    2    5.000   1.0000          x1c2
 39.0000    0    5.000   1.0000          NULL 
 44.0000    3    5.000   1.0000          x2c1
 49.0000    0    1.000   1.0000          NULL 
 50.0000    4    5.000   1.0000          x2c2
 55.0000    0    3.000   1.0000          NULL 
 58.0000    2    5.000   1.0000          x1c2
 63.0000    0    3.000   1.0000          NULL 
 66.0000    2    5.000   1.0000          x1c2
 71.0000    0    1.000   1.0000          NULL 
 72.0000    1    5.000   1.0000          x1c1
 77.0000    0    1.000   1.0000          NULL 
 78.0000    3    5.000   1.0000          x2c1
 83.0000    0    5.000   1.0000          NULL 
 88.0000    3    5.000   1.0000          x2c1
 93.0000    0    1.000   1.0000          NULL 
 94.0000    1    5.000   1.0000          x1c1
 99.0000    0    1.000   1.0000          NULL 
100.0000    1    5.000   1.0000          x1c1
105.0000    0    5.000   1.0000          NULL 
110.0000    1    5.000   1.0000          x1c1
115.0000    0    1.000   1.0000          NULL 
116.0000    4    5.000   1.0000          x2c2
121.0000    0    5.000   1.0000          NULL 
126.0000    4    5.000   1.0000          x2c2
131.0000    0    1.000   1.0000          NULL 
132.0000    4    5.000   1.0000          x2c2
137.0000    0    1.000   1.0000          NULL 
138.0000    3    5.000   1.0000          x2c1
143.0000    0    1.000   1.0000          NULL 
