  0.0000    1    5.000   1.0000          x1c1
  5.0000    0    3.000   1.0000          NULL 
  8.0000    2    5.000   1.0000          x1c2
 13.0000    0    7.000   1.0000          NULL 
 20.0000    2    5.000   1.0000          x1c2
 25.0000    0    1.000   1.0000          NULL 
 26.0000    4    5.000   1.0000          x2c2
 31.0000    0    1.000   1.0000          NULL 
 32.0000    2    5.000   1.0000          x1c2
 37.0000    0    1.000   1.0000          NULL 
 38.0000    1    5.000   1.0000          x1c1
 43.0000    0    1.000   1.0000          NULL 
 44.0000    3    5.000   1.0000          x2c1
 49.0000    0    3.000   1.0000          NULL 
 52.0000    4    5.000   1.0000          x2c2
 57.0000    0    1.000   1.0000          NULL 
 58.0000    3    5.000   1.0000          x2c1
 63.0000    0    5.000   1.0000          NULL 
 68.0000    1    5.000   1.0000          x1c1
 73.0000    0    3.000   1.0000          NULL 
 76.0000    3    5.000   1.0000          x2c1
 81.0000    0    1.000   1.0000          NULL 
 82.0000    1    5.000   1.0000          x1c1
 87.0000    0    1.000   1.0000          NULL 
 88.0000    1    5.000   1.0000          x1c1
 93.0000    0    1.000   1.0000          NULL 
 94.0000    4    5.000   1.0000          x2c2
 99.0000    0    3.000   1.0000          NULL 
102.0000    2    5.000   1.0000          x1c2
107.0000    0    3.000   1.0000          NULL 
110.0000    4    5.000   1.0000          x2c2
115.0000    0    5.000   1.0000          NULL 
120.0000    3    5.000   1.0000          x2c1
125.0000    0    1.000   1.0000          NULL 
126.0000    3    5.000   1.0000          x2c1
131.0000    0    1.000   1.0000          NULL 
132.0000    4    5.000   1.0000          x2c2
137.0000    0    1.000   1.0000          NULL 
138.0000    2    5.000   1.0000          x1c2
143.0000    0    1.000   1.0000          NULL 
