  0.0000    2    5.000   1.0000          x1c2
  5.0000    0    3.000   1.0000          NULL 
  8.0000    4    5.000   1.0000          x2c2
 13.0000    0    1.000   1.0000          NULL 
 14.0000    2    5.000   1.0000          x1c2
 19.0000    0    1.000   1.0000          NULL 
 20.0000    1    5.000   1.0000          x1c1
 25.0000    0    1.000   1.0000          NULL 
 26.0000    2    5.000   1.0000          x1c2
 31.0000    0    1.000   1.0000          NULL 
 32.0000    2    5.000   1.0000          x1c2
 37.0000    0    5.000   1.0000          NULL 
 42.0000    1    5.000   1.0000          x1c1
 47.0000    0    7.000   1.0000          NULL 
 54.0000    1    5.000   1.0000          x1c1
 59.0000    0    3.000   1.0000          NULL 
 62.0000    3    5.000   1.0000          x2c1
 67.0000    0    1.000   1.0000          NULL 
 68.0000    3    5.000   1.0000          x2c1
 73.0000    0    1.000   1.0000          NULL 
 74.0000    4    5.000   1.0000          x2c2
 79.0000    0    1.000   1.0000          NULL 
 80.0000    4    5.000   1.0000          x2c2
 85.0000    0    3.000   1.0000          NULL 
 88.0000    2    5.000   1.0000          x1c2
 93.0000    0    1.000   1.0000          NULL 
 94.0000    3    5.000   1.0000          x2c1
 99.0000    0    3.000   1.0000          NULL 
102.0000    1    5.000   1.0000          x1c1
107.0000    0    1.000   1.0000          NULL 
108.0000    1    5.000   1.0000          x1c1
113.0000    0    1.000   1.0000          NULL 
114.0000    3    5.000   1.0000          x2c1
119.0000    0    1.000   1.0000          NULL 
120.0000    4    5.000   1.0000          x2c2
125.0000    0    1.000   1.0000          NULL 
126.0000    3    5.000   1.0000          x2c1
131.0000    0    3.000   1.0000          NULL 
134.0000    4    5.000   1.0000          x2c2
139.0000    0    5.000   1.0000          NULL 
