  0.0000    1    5.000   1.0000          x1c1
  5.0000    0    1.000   1.0000          NULL 
  6.0000    4    5.000   1.0000          x2c2
 11.0000    0    1.000   1.0000          NULL 
 12.0000    3    5.000   1.0000          x2c1
 17.0000    0    7.000   1.0000          NULL 
 24.0000    4    5.000   1.0000          x2c2
 29.0000    0    5.000   1.0000          NULL 
 34.0000    2    5.000   1.0000          x1c2
 39.0000    0    3.000   1.0000          NULL 
 42.0000    2    5.000   1.0000          x1c2
 47.0000    0    1.000   1.0000          NULL 
 48.0000    2    5.000   1.0000          x1c2
 53.0000    0    3.000   1.0000          NULL 
 56.0000    3    5.000   1.0000          x2c1
 61.0000    0    3.000   1.0000          NULL 
 64.0000    3    5.000   1.0000          x2c1
 69.0000    0    1.000   1.0000          NULL 
 70.0000    2    5.000   1.0000          x1c2
 75.0000    0    1.000   1.0000          NULL 
 76.0000    3    5.000   1.0000          x2c1
 81.0000    0    1.000   1.0000          NULL 
 82.0000    1    5.000   1.0000          x1c1
 87.0000    0    1.000   1.0000          NULL 
 88.0000    1    5.000   1.0000          x1c1
 93.0000    0    3.000   1.0000          NULL 
 96.0000    2    5.000   1.0000          x1c2
101.0000    0    1.000   1.0000          NULL 
102.0000    4    5.000   1.0000          x2c2
107.0000    0    1.000   1.0000          NULL 
108.0000    1    5.000   1.0000          x1c1
113.0000    0    3.000   1.0000          NULL 
116.0000    1    5.000   1.0000          x1c1
121.0000    0    3.000   1.0000          NULL 
124.0000    3    5.000   1.0000          x2c1
129.0000    0    1.000   1.0000          NULL 
130.0000    4    5.000   1.0000          x2c2
135.0000    0    3.000   1.0000          NULL 
138.0000    4    5.000   1.0000          x2c2
143.0000    0    1.000   1.0000          NULL 
