  0.0000    4    5.000   1.0000          x2c2
  5.0000    0    1.000   1.0000          NULL 
  6.0000    2    5.000   1.0000          x1c2
 11.0000    0    1.000   1.0000          NULL 
 12.0000    1    5.000   1.0000          x1c1
 17.0000    0    3.000   1.0000          NULL 
 20.0000    3    5.000   1.0000          x2c1
 25.0000    0    1.000   1.0000          NULL 
 26.0000    3    5.000   1.0000          x2c1
 31.0000    0    5.000   1.0000          NULL 
 36.0000    1    5.000   1.0000          x1c1
 41.0000    0    1.000   1.0000          NULL 
 42.0000    3    5.000   1.0000          x2c1
 47.0000    0    1.000   1.0000          NULL 
 48.0000    4    5.000   1.0000          x2c2
 53.0000    0    1.000   1.0000          NULL 
 54.0000    1    5.000   1.0000          x1c1
 59.0000    0    1.000   1.0000          NULL 
 60.0000    2    5.000   1.0000          x1c2
 65.0000    0    1.000   1.0000          NULL 
 66.0000    4    5.000   1.0000          x2c2
 71.0000    0    1.000   1.0000          NULL 
 72.0000    4    5.000   1.0000          x2c2
 77.0000    0    7.000   1.0000          NULL 
 84.0000    2    5.000   1.0000          x1c2
 89.0000    0    5.000   1.0000          NULL 
 94.0000    2    5.000   1.0000          x1c2
 99.0000    0    3.000   1.0000          NULL 
102.0000    3    5.000   1.0000          x2c1
107.0000    0    1.000   1.0000          NULL 
108.0000    1    5.000   1.0000          x1c1
113.0000    0    1.000   1.0000          NULL 
114.0000    1    5.000   1.0000          x1c1
119.0000    0    3.000   1.0000          NULL 
122.0000    2    5.000   1.0000          x1c2
127.0000    0    1.000   1.0000          NULL 
128.0000    3    5.000   1.0000          x2c1
133.0000    0    5.000   1.0000          NULL 
138.0000    4    5.000   1.0000          x2c2
143.0000    0    1.000   1.0000          NULL 
