  0.0000    1    5.000   1.0000          x1c1
  5.0000    0    3.000   1.0000          NULL 
  8.0000    3    5.000   1.0000          x2c1
 13.0000    0    5.000   1.0000          NULL 
 18.0000    2    5.000   1.0000          x1c2
 23.0000    0    1.000   1.0000          NULL 
 24.0000    4    5.000   1.0000          x2c2
 29.0000    0    5.000   1.0000          NULL 
 34.0000    3    5.000   1.0000          x2c1
 39.0000    0    1.000   1.0000          NULL 
 40.0000    2    5.000   1.0000          x1c2
 45.0000    0    3.000   1.0000          NULL 
 48.0000    3    5.000   1.0000          x2c1
 53.0000    0    1.000   1.0000          NULL 
 54.0000    3    5.000   1.0000          x2c1
 59.0000    0    1.000   1.0000          NULL 
 60.0000    4    5.000   1.0000          x2c2
 65.0000    0    3.000   1.0000          NULL 
 68.0000    2    5.000   1.0000          x1c2
 73.0000    0    1.000   1.0000          NULL 
 74.0000    1    5.000   1.0000          x1c1
 79.0000    0    1.000   1.0000          NULL 
 80.0000    3    5.000   1.0000          x2c1
 85.0000    0    3.000   1.0000          NULL 
 88.0000    1    5.000   1.0000          x1c1
 93.0000    0    1.000   1.0000          NULL 
 94.0000    1    5.000   1.0000          x1c1
 99.0000    0    1.000   1.0000          NULL 
100.0000    4    5.000   1.0000          x2c2
105.0000    0    3.000   1.0000          NULL 
108.0000    1    5.000   1.0000          x1c1
113.0000    0    1.000   1.0000          NULL 
114.0000    2    5.000   1.0000          x1c2
119.0000    0    1.000   1.0000          NULL 
120.0000    2    5.000   1.0000          x1c2
125.0000    0    7.000   1.0000          NULL 
132.0000    4    5.000   1.0000          x2c2
137.0000    0    1.000   1.0000          NULL 
138.0000    4    5.000   1.0000          x2c2
143.0000    0    1.000   1.0000          NULL 
