  0.0000    1    5.000   1.0000          x1c1
  5.0000    0    7.000   1.0000          NULL 
 12.0000    3    5.000   1.0000          x2c1
 17.0000    0    1.000   1.0000          NULL 
 18.0000    4    5.000   1.0000          x2c2
 23.0000    0    1.000   1.0000          NULL 
 24.0000    3    5.000   1.0000          x2c1
 29.0000    0    3.000   1.0000          NULL 
 32.0000    2    5.000   1.0000          x1c2
 37.0000    0    1.000   1.0000          NULL 
 38.0000    3    5.000   1.0000          x2c1
 43.0000    0    1.000   1.0000          NULL 
 44.0000    2    5.000   1.0000          x1c2
 49.0000    0    1.000   1.0000          NULL 
 50.0000    4    5.000   1.0000          x2c2
 55.0000    0    3.000   1.0000          NULL 
 58.0000    4    5.000   1.0000          x2c2
 63.0000    0    3.000   1.0000          NULL 
 66.0000    1    5.000   1.0000          x1c1
 71.0000    0    5.000   1.0000          NULL 
 76.0000    3    5.000   1.0000          x2c1
 81.0000    0    3.000   1.0000          NULL 
 84.0000    4    5.000   1.0000          x2c2
 89.0000    0    1.000   1.0000          NULL 
 90.0000    2    5.000   1.0000          x1c2
 95.0000    0    3.000   1.0000          NULL 
 98.0000    4    5.000   1.0000          x2c2
103.0000    0    1.000   1.0000          NULL 
104.0000    1    5.000   1.0000          x1c1
109.0000    0    1.000   1.0000          NULL 
110.0000    1    5.000   1.0000          x1c1
115.0000    0    1.000   1.0000          NULL 
116.0000    2    5.000   1.0000          x1c2
121.0000    0    1.000   1.0000          NULL 
122.0000    2    5.000   1.0000          x1c2
127.0000    0    1.000   1.0000          NULL 
128.0000    1    5.000   1.0000          x1c1
133.0000    0    1.000   1.0000          NULL 
134.0000    3    5.000   1.0000          x2c1
139.0000    0    5.000   1.0000          NULL 
