  0.0000    2    5.000   1.0000          x1c2
  5.0000    0    7.000   1.0000          NULL 
 12.0000    3    5.000   1.0000          x2c1
 17.0000    0    3.000   1.0000          NULL 
 20.0000    2    5.000   1.0000          x1c2
 25.0000    0    3.000   1.0000          NULL 
 28.0000    2    5.000   1.0000          x1c2
 33.0000    0    1.000   1.0000          NULL 
 34.0000    3    5.000   1.0000          x2c1
 39.0000    0    1.000   1.0000          NULL 
 40.0000    3    5.000   1.0000          x2c1
 45.0000    0    1.000   1.0000          NULL 
 46.0000    1    5.000   1.0000          x1c1
 51.0000    0    1.000   1.0000          NULL 
 52.0000    1    5.000   1.0000          x1c1
 57.0000    0    1.000   1.0000          NULL 
 58.0000    4    5.000   1.0000          x2c2
 63.0000    0    5.000   1.0000          NULL 
 68.0000    1    5.000   1.0000          x1c1
 73.0000    0    1.000   1.0000          NULL 
 74.0000    3    5.000   1.0000          x2c1
 79.0000    0    1.000   1.0000          NULL 
 80.0000    2    5.000   1.0000          x1c2
 85.0000    0    1.000   1.0000          NULL 
 86.0000    4    5.000   1.0000          x2c2
 91.0000    0    1.000   1.0000          NULL 
 92.0000    4    5.000   1.0000          x2c2
 97.0000    0    1.000   1.0000          NULL 
 98.0000    1    5.000   1.0000          x1c1
103.0000    0    1.000   1.0000          NULL 
104.0000    2    5.000   1.0000          x1c2
109.0000    0    5.000   1.0000          NULL 
114.0000    1    5.000   1.0000          x1c1
119.0000    0    5.000   1.0000          NULL 
124.0000    4    5.000   1.0000          x2c2
129.0000    0    1.000   1.0000          NULL 
130.0000    3    5.000   1.0000          x2c1
135.0000    0    3.000   1.0000          NULL 
138.0000    4    5.000   1.0000          x2c2
143.0000    0    1.000   1.0000          NULL 
