  0.0000    3    5.000   1.0000          x2c1
  5.0000    0    3.000   1.0000          NULL 
  8.0000    2    5.000   1.0000          x1c2
 13.0000    0    3.000   1.0000          NULL 
 16.0000    4    5.000   1.0000          x2c2
 21.0000    0    1.000   1.0000          NULL 
 22.0000    1    5.000   1.0000          x1c1
 27.0000    0    1.000   1.0000          NULL 
 28.0000    4    5.000   1.0000          x2c2
 33.0000    0    3.000   1.0000          NULL 
 36.0000    1    5.000   1.0000          x1c1
 41.0000    0    1.000   1.0000          NULL 
 42.0000    2    5.000   1.0000          x1c2
 47.0000    0    1.000   1.0000          NULL 
 48.0000    2    5.000   1.0000          x1c2
 53.0000    0    5.000   1.0000          NULL 
 58.0000    3    5.000   1.0000          x2c1
 63.0000    0    1.000   1.0000          NULL 
 64.0000    3    5.000   1.0000          x2c1
 69.0000    0    5.000   1.0000          NULL 
 74.0000    1    5.000   1.0000          x1c1
 79.0000    0    7.000   1.0000          NULL 
 86.0000    4    5.000   1.0000          x2c2
 91.0000    0    1.000   1.0000          NULL 
 92.0000    4    5.000   1.0000          x2c2
 97.0000    0    1.000   1.0000          NULL 
 98.0000    2    5.000   1.0000          x1c2
103.0000    0    1.000   1.0000          NULL 
104.0000    4    5.000   1.0000          x2c2
109.0000    0    3.000   1.0000          NULL 
112.0000    3    5.000   1.0000          x2c1
117.0000    0    1.000   1.0000          NULL 
118.0000    2    5.000   1.0000          x1c2
123.0000    0    1.000   1.0000          NULL 
124.0000    3    5.000   1.0000          x2c1
129.0000    0    1.000   1.0000          NULL 
130.0000    1    5.000   1.0000          x1c1
135.0000    0    3.000   1.0000          NULL 
138.0000    1    5.000   1.0000          x1c1
143.0000    0    1.000   1.0000          NULL 
