  0.0000    3    5.000   1.0000          x2c1
  5.0000    0    3.000   1.0000          NULL 
  8.0000    1    5.000   1.0000          x1c1
 13.0000    0    5.000   1.0000          NULL 
 18.0000    2    5.000   1.0000          x1c2
 23.0000    0    1.000   1.0000          NULL 
 24.0000    2    5.000   1.0000          x1c2
 29.0000    0    1.000   1.0000          NULL 
 30.0000    1    5.000   1.0000          x1c1
 35.0000    0    1.000   1.0000          NULL 
 36.0000    2    5.000   1.0000          x1c2
 41.0000    0    1.000   1.0000          NULL 
 42.0000    4    5.000   1.0000          x2c2
 47.0000    0    3.000   1.0000          NULL 
 50.0000    4    5.000   1.0000          x2c2
 55.0000    0    1.000   1.0000          NULL 
 56.0000    3    5.000   1.0000          x2c1
 61.0000    0    1.000   1.0000          NULL 
 62.0000    3    5.000   1.0000          x2c1
 67.0000    0    3.000   1.0000          NULL 
 70.0000    4    5.000   1.0000          x2c2
 75.0000    0    1.000   1.0000          NULL 
 76.0000    1    5.000   1.0000          x1c1
 81.0000    0    3.000   1.0000          NULL 
 84.0000    3    5.000   1.0000          x2c1
 89.0000    0    1.000   1.0000          NULL 
 90.0000    1    5.000   1.0000          x1c1
 95.0000    0    1.000   1.0000          NULL 
 96.0000    1    5.000   1.0000          x1c1
101.0000    0    1.000   1.0000          NULL 
102.0000    4    5.000   1.0000          x2c2
107.0000    0    7.000   1.0000          NULL 
114.0000    2    5.000   1.0000          x1c2
119.0000    0    1.000   1.0000          NULL 
120.0000    3    5.000   1.0000          x2c1
125.0000    0    7.000   1.0000          NULL 
132.0000    4    5.000   1.0000          x2c2
137.0000    0    1.000   1.0000          NULL 
138.0000    2    5.000   1.0000          x1c2
143.0000    0    1.000   1.0000          NULL 
