  0.0000    1    5.000   1.0000          x1c1
  5.0000    0    5.000   1.0000          NULL 
 10.0000    2    5.000   1.0000          x1c2
 15.0000    0    1.000   1.0000          NULL 
 16.0000    2    5.000   1.0000          x1c2
 21.0000    0    1.000   1.0000          NULL 
 22.0000    1    5.000   1.0000          x1c1
 27.0000    0    1.000   1.0000          NULL 
 28.0000    3    5.000   1.0000          x2c1
 33.0000    0    1.000   1.0000          NULL 
 34.0000    3    5.000   1.0000          x2c1
 39.0000    0    1.000   1.0000          NULL 
 40.0000    4    5.000   1.0000          x2c2
 45.0000    0    1.000   1.0000          NULL 
 46.0000    4    5.000   1.0000          x2c2
 51.0000    0    3.000   1.0000          NULL 
 54.0000    4    5.000   1.0000          x2c2
 59.0000    0    1.000   1.0000          NULL 
 60.0000    2    5.000   1.0000          x1c2
 65.0000    0    1.000   1.0000          NULL 
 66.0000    3    5.000   1.0000          x2c1
 71.0000    0    3.000   1.0000          NULL 
 74.0000    1    5.000   1.0000          x1c1
 79.0000    0    3.000   1.0000          NULL 
 82.0000    2    5.000   1.0000          x1c2
 87.0000    0    3.000   1.0000          NULL 
 90.0000    1    5.000   1.0000          x1c1
 95.0000    0    3.000   1.0000          NULL 
 98.0000    3    5.000   1.0000          x2c1
103.0000    0    3.000   1.0000          NULL 
106.0000    3    5.000   1.0000          x2c1
111.0000    0    7.000   1.0000          NULL 
118.0000    4    5.000   1.0000          x2c2
123.0000    0    3.000   1.0000          NULL 
126.0000    2    5.000   1.0000          x1c2
131.0000    0    1.000   1.0000          NULL 
132.0000    4    5.000   1.0000          x2c2
137.0000    0    1.000   1.0000          NULL 
138.0000    1    5.000   1.0000          x1c1
143.0000    0    1.000   1.0000          NULL 
