  0.0000    1    5.000   1.0000          x1c1
  5.0000    0    7.000   1.0000          NULL 
 12.0000    2    5.000   1.0000          x1c2
 17.0000    0    5.000   1.0000          NULL 
 22.0000    2    5.000   1.0000          x1c2
 27.0000    0    1.000   1.0000          NULL 
 28.0000    3    5.000   1.0000          x2c1
 33.0000    0    1.000   1.0000          NULL 
 34.0000    4    5.000   1.0000          x2c2
 39.0000    0    1.000   1.0000          NULL 
 40.0000    2    5.000   1.0000          x1c2
 45.0000    0    1.000   1.0000          NULL 
 46.0000    2    5.000   1.0000          x1c2
 51.0000    0    5.000   1.0000          NULL 
 56.0000    4    5.000   1.0000          x2c2
 61.0000    0    1.000   1.0000          NULL 
 62.0000    4    5.000   1.0000          x2c2
 67.0000    0    3.000   1.0000          NULL 
 70.0000    1    5.000   1.0000          x1c1
 75.0000    0    7.000   1.0000          NULL 
 82.0000    3    5.000   1.0000          x2c1
 87.0000    0    1.000   1.0000          NULL 
 88.0000    2    5.000   1.0000          x1c2
 93.0000    0    1.000   1.0000          NULL 
 94.0000    1    5.000   1.0000          x1c1
 99.0000    0    1.000   1.0000          NULL 
100.0000    4    5.000   1.0000          x2c2
105.0000    0    3.000   1.0000          NULL 
108.0000    4    5.000   1.0000          x2c2
113.0000    0    1.000   1.0000          NULL 
114.0000    3    5.000   1.0000          x2c1
119.0000    0    1.000   1.0000          NULL 
120.0000    1    5.000   1.0000          x1c1
125.0000    0    1.000   1.0000          NULL 
126.0000    1    5.000   1.0000          x1c1
131.0000    0    1.000   1.0000          NULL 
132.0000    3    5.000   1.0000          x2c1
137.0000    0    1.000   1.0000          NULL 
138.0000    3    5.000   1.0000          x2c1
143.0000    0    1.000   1.0000          NULL 
