  0.0000    1    5.000   1.0000          x1c1
  5.0000    0    3.000   1.0000          NULL 
  8.0000    2    5.000   1.0000          x1c2
 13.0000    0    1.000   1.0000          NULL 
 14.0000    4    5.000   1.0000          x2c2
 19.0000    0    3.000   1.0000          NULL 
 22.0000    3    5.000   1.0000          x2c1
 27.0000    0    3.000   1.0000          NULL 
 30.0000    4    5.000   1.0000          x2c2
 35.0000    0    1.000   1.0000          NULL 
 36.0000    1    5.000   1.0000          x1c1
 41.0000    0    1.000   1.0000          NULL 
 42.0000    3    5.000   1.0000          x2c1
 47.0000    0    3.000   1.0000          NULL 
 50.0000    2    5.000   1.0000          x1c2
 55.0000    0    1.000   1.0000          NULL 
 56.0000    2    5.000   1.0000          x1c2
 61.0000    0    1.000   1.0000          NULL 
 62.0000    3    5.000   1.0000          x2c1
 67.0000    0    1.000   1.0000          NULL 
 68.0000    4    5.000   1.0000          x2c2
 73.0000    0    5.000   1.0000          NULL 
 78.0000    3    5.000   1.0000          x2c1
 83.0000    0    1.000   1.0000          NULL 
 84.0000    1    5.000   1.0000          x1c1
 89.0000    0    5.000   1.0000          NULL 
 94.0000    2    5.000   1.0000          x1c2
 99.0000    0    3.000   1.0000          NULL 
102.0000    1    5.000   1.0000          x1c1
107.0000    0    3.000   1.0000          NULL 
110.0000    3    5.000   1.0000          x2c1
115.0000    0    1.000   1.0000          NULL 
116.0000    2    5.000   1.0000          x1c2
121.0000    0    1.000   1.0000          NULL 
122.0000    1    5.000   1.0000          x1c1
127.0000    0    1.000   1.0000          NULL 
128.0000    4    5.000   1.0000          x2c2
133.0000    0    1.000   1.0000          NULL 
134.0000    4    5.000   1.0000          x2c2
139.0000    0    5.000   1.0000          NULL 
