  0.0000    1    5.000   1.0000          x1c1
  5.0000    0    5.000   1.0000          NULL 
 10.0000    2    5.000   1.0000          x1c2
 15.0000    0    1.000   1.0000          NULL 
 16.0000    2    5.000   1.0000          x1c2
 21.0000    0    1.000   1.0000          NULL 
 22.0000    3    5.000   1.0000          x2c1
 27.0000    0    1.000   1.0000          NULL 
 28.0000    3    5.000   1.0000          x2c1
 33.0000    0    5.000   1.0000          NULL 
 38.0000    3    5.000   1.0000          x2c1
 43.0000    0    1.000   1.0000          NULL 
 44.0000    1    5.000   1.0000          x1c1
 49.0000    0    1.000   1.0000          NULL 
 50.0000    3    5.000   1.0000          x2c1
 55.0000    0    1.000   1.0000          NULL 
 56.0000    2    5.000   1.0000          x1c2
 61.0000    0    1.000   1.0000          NULL 
 62.0000    4    5.000   1.0000          x2c2
 67.0000    0    3.000   1.0000          NULL 
 70.0000    2    5.000   1.0000          x1c2
 75.0000    0    1.000   1.0000          NULL 
 76.0000    1    5.000   1.0000          x1c1
 81.0000    0    1.000   1.0000          NULL 
 82.0000    4    5.000   1.0000          x2c2
 87.0000    0    1.000   1.0000          NULL 
 88.0000    4    5.000   1.0000          x2c2
 93.0000    0    3.000   1.0000          NULL 
 96.0000    4    5.000   1.0000          x2c2
101.0000    0    1.000   1.0000          NULL 
102.0000    1    5.000   1.0000          x1c1
107.0000    0    1.000   1.0000          NULL 
108.0000    2    5.000   1.0000          x1c2
113.0000    0    3.000   1.0000          NULL 
116.0000    4    5.000   1.0000          x2c2
121.0000    0    5.000   1.0000          NULL 
126.0000    1    5.000   1.0000          x1c1
131.0000    0    7.000   1.0000          NULL 
138.0000    3    5.000   1.0000          x2c1
143.0000    0    1.000   1.0000          NULL 
