  0.0000    3    5.000   1.0000          x2c1
  5.0000    0    1.000   1.0000          NULL 
  6.0000    3    5.000   1.0000          x2c1
 11.0000    0    1.000   1.0000          NULL 
 12.0000    2    5.000   1.0000          x1c2
 17.0000    0    5.000   1.0000          NULL 
 22.0000    4    5.000   1.0000          x2c2
 27.0000    0    1.000   1.0000          NULL 
 28.0000    2    5.000   1.0000          x1c2
 33.0000    0    1.000   1.0000          NULL 
 34.0000    4    5.000   1.0000          x2c2
 39.0000    0    3.000   1.0000          NULL 
 42.0000    4    5.000   1.0000          x2c2
 47.0000    0    1.000   1.0000          NULL 
 48.0000    1    5.000   1.0000          x1c1
 53.0000    0    1.000   1.0000          NULL 
 54.0000    4    5.000   1.0000          x2c2
 59.0000    0    3.000   1.0000          NULL 
 62.0000    3    5.000   1.0000          x2c1
 67.0000    0    5.000   1.0000          NULL 
 72.0000    2    5.000   1.0000          x1c2
 77.0000    0    7.000   1.0000          NULL 
 84.0000    1    5.000   1.0000          x1c1
 89.0000    0    3.000   1.0000          NULL 
 92.0000    3    5.000   1.0000          x2c1
 97.0000    0    1.000   1.0000          NULL 
 98.0000    4    5.000   1.0000          x2c2
103.0000    0    1.000   1.0000          NULL 
104.0000    3    5.000   1.0000          x2c1
109.0000    0    3.000   1.0000          NULL 
112.0000    1    5.000   1.0000          x1c1
117.0000    0    1.000   1.0000          NULL 
118.0000    2    5.000   1.0000          x1c2
123.0000    0    1.000   1.0000          NULL 
124.0000    2    5.000   1.0000          x1c2
129.0000    0    3.000   1.0000          NULL 
132.0000    1    5.000   1.0000          x1c1
137.0000    0    1.000   1.0000          NULL 
138.0000    1    5.000   1.0000          x1c1
143.0000    0    1.000   1.0000          NULL 
