  0.0000    4    5.000   1.0000          x2c2
  5.0000    0    5.000   1.0000          NULL 
 10.0000    1    5.000   1.0000          x1c1
 15.0000    0    1.000   1.0000          NULL 
 16.0000    3    5.000   1.0000          x2c1
 21.0000    0    1.000   1.0000          NULL 
 22.0000    1    5.000   1.0000          x1c1
 27.0000    0    1.000   1.0000          NULL 
 28.0000    2    5.000   1.0000          x1c2
 33.0000    0    3.000   1.0000          NULL 
 36.0000    4    5.000   1.0000          x2c2
 41.0000    0    1.000   1.0000          NULL 
 42.0000    1    5.000   1.0000          x1c1
 47.0000    0    3.000   1.0000          NULL 
 50.0000    1    5.000   1.0000          x1c1
 55.0000    0    5.000   1.0000          NULL 
 60.0000    3    5.000   1.0000          x2c1
 65.0000    0    3.000   1.0000          NULL 
 68.0000    1    5.000   1.0000          x1c1
 73.0000    0    1.000   1.0000          NULL 
 74.0000    4    5.000   1.0000          x2c2
 79.0000    0    1.000   1.0000          NULL 
 80.0000    3    5.000   1.0000          x2c1
 85.0000    0    1.000   1.0000          NULL 
 86.0000    3    5.000   1.0000          x2c1
 91.0000    0    3.000   1.0000          NULL 
 94.0000    2    5.000   1.0000          x1c2
 99.0000    0    1.000   1.0000          NULL 
100.0000    2    5.000   1.0000          x1c2
105.0000    0    1.000   1.0000          NULL 
106.0000    4    5.000   1.0000          x2c2
111.0000    0    3.000   1.0000          NULL 
114.0000    3    5.000   1.0000          x2c1
119.0000    0    1.000   1.0000          NULL 
120.0000    2    5.000   1.0000          x1c2
125.0000    0    3.000   1.0000          NULL 
128.0000    4    5.000   1.0000          x2c2
133.0000    0    1.000   1.0000          NULL 
134.0000    2    5.000   1.0000          x1c2
139.0000    0    5.000   1.0000          NULL 
