  0.0000    3    5.000   1.0000          x2c1
  5.0000    0    1.000   1.0000          NULL 
  6.0000    2    5.000   1.0000          x1c2
 11.0000    0    1.000   1.0000          NULL 
 12.0000    1    5.000   1.0000          x1c1
 17.0000    0    1.000   1.0000          NULL 
 18.0000    1    5.000   1.0000          x1c1
 23.0000    0    7.000   1.0000          NULL 
 30.0000    4    5.000   1.0000          x2c2
 35.0000    0    1.000   1.0000          NULL 
 36.0000    2    5.000   1.0000          x1c2
 41.0000    0    5.000   1.0000          NULL 
 46.0000    4    5.000   1.0000          x2c2
 51.0000    0    3.000   1.0000          NULL 
 54.0000    2    5.000   1.0000          x1c2
 59.0000    0    1.000   1.0000          NULL 
 60.0000    2    5.000   1.0000          x1c2
 65.0000    0    1.000   1.0000          NULL 
 66.0000    3    5.000   1.0000          x2c1
 71.0000    0    3.000   1.0000          NULL 
 74.0000    1    5.000   1.0000          x1c1
 79.0000    0    3.000   1.0000          NULL 
 82.0000    3    5.000   1.0000          x2c1
 87.0000    0    7.000   1.0000          NULL 
 94.0000    3    5.000   1.0000          x2c1
 99.0000    0    1.000   1.0000          NULL 
100.0000    4    5.000   1.0000          x2c2
105.0000    0    1.000   1.0000          NULL 
106.0000    4    5.000   1.0000          x2c2
111.0000    0    1.000   1.0000          NULL 
112.0000    3    5.000   1.0000          x2c1
117.0000    0    1.000   1.0000          NULL 
118.0000    1    5.000   1.0000          x1c1
123.0000    0    1.000   1.0000          NULL 
124.0000    2    5.000   1.0000          x1c2
129.0000    0    1.000   1.0000          NULL 
130.0000    4    5.000   1.0000          x2c2
135.0000    0    3.000   1.0000          NULL 
138.0000    1    5.000   1.0000          x1c1
143.0000    0    1.000   1.0000          NULL 
