  0.0000    2    5.000   1.0000          x1c2
  5.0000    0    1.000   1.0000          NULL 
  6.0000    1    5.000   1.0000          x1c1
 11.0000    0    1.000   1.0000          NULL 
 12.0000    3    5.000   1.0000          x2c1
 17.0000    0    1.000   1.0000          NULL 
 18.0000    4    5.000   1.0000          x2c2
 23.0000    0    1.000   1.0000          NULL 
 24.0000    3    5.000   1.0000          x2c1
 29.0000    0    3.000   1.0000          NULL 
 32.0000    1    5.000   1.0000          x1c1
 37.0000    0    1.000   1.0000          NULL 
 38.0000    1    5.000   1.0000          x1c1
 43.0000    0    5.000   1.0000          NULL 
 48.0000    3    5.000   1.0000          x2c1
 53.0000    0    1.000   1.0000          NULL 
 54.0000    3    5.000   1.0000          x2c1
 59.0000    0    1.000   1.0000          NULL 
 60.0000    2    5.000   1.0000          x1c2
 65.0000    0    1.000   1.0000          NULL 
 66.0000    1    5.000   1.0000          x1c1
 71.0000    0    3.000   1.0000          NULL 
 74.0000    3    5.000   1.0000          x2c1
 79.0000    0    1.000   1.0000          NULL 
 80.0000    1    5.000   1.0000          x1c1
 85.0000    0    1.000   1.0000          NULL 
 86.0000    4    5.000   1.0000          x2c2
 91.0000    0    5.000   1.0000          NULL 
 96.0000    4    5.000   1.0000          x2c2
101.0000    0    3.000   1.0000          NULL 
104.0000    2    5.000   1.0000          x1c2
109.0000    0    5.000   1.0000          NULL 
114.0000    2    5.000   1.0000          x1c2
119.0000    0    1.000   1.0000          NULL 
120.0000    4    5.000   1.0000          x2c2
125.0000    0    1.000   1.0000          NULL 
126.0000    4    5.000   1.0000          x2c2
131.0000    0    1.000   1.0000          NULL 
132.0000    2    5.000   1.0000          x1c2
137.0000    0    7.000   1.0000          NULL 
