  0.0000    1    5.000   1.0000          x1c1
  5.0000    0    1.000   1.0000          NULL 
  6.0000    2    5.000   1.0000          x1c2
 11.0000    0    3.000   1.0000          NULL 
 14.0000    3    5.000   1.0000          x2c1
 19.0000    0    1.000   1.0000          NULL 
 20.0000    1    5.000   1.0000          x1c1
 25.0000    0    1.000   1.0000          NULL 
 26.0000    1    5.000   1.0000          x1c1
 31.0000    0    1.000   1.0000          NULL 
 32.0000    4    5.000   1.0000          x2c2
 37.0000    0    3.000   1.0000          NULL 
 40.0000    1    5.000   1.0000          x1c1
 45.0000    0    3.000   1.0000          NULL 
 48.0000    4    5.000   1.0000          x2c2
 53.0000    0    1.000   1.0000          NULL 
 54.0000    3    5.000   1.0000          x2c1
 59.0000    0    1.000   1.0000          NULL 
 60.0000    4    5.000   1.0000          x2c2
 65.0000    0    1.000   1.0000          NULL 
 66.0000    2    5.000   1.0000          x1c2
 71.0000    0    1.000   1.0000          NULL 
 72.0000    2    5.000   1.0000          x1c2
 77.0000    0    1.000   1.0000          NULL 
 78.0000    3    5.000   1.0000          x2c1
 83.0000    0    5.000   1.0000          NULL 
 88.0000    2    5.000   1.0000          x1c2
 93.0000    0    5.000   1.0000          NULL 
 98.0000    2    5.000   1.0000          x1c2
103.0000    0    1.000   1.0000          NULL 
104.0000    1    5.000   1.0000          x1c1
109.0000    0    3.000   1.0000          NULL 
112.0000    4    5.000   1.0000          x2c2
117.0000    0    1.000   1.0000          NULL 
118.0000    4    5.000   1.0000          x2c2
123.0000    0    7.000   1.0000          NULL 
130.0000    3    5.000   1.0000          x2c1
135.0000    0    1.000   1.0000          NULL 
136.0000    3    5.000   1.0000          x2c1
141.0000    0    3.000   1.0000          NULL 
