  0.0000    3    5.000   1.0000          x2c1
  5.0000    0    5.000   1.0000          NULL 
 10.0000    1    5.000   1.0000          x1c1
 15.0000    0    3.000   1.0000          NULL 
 18.0000    2    5.000   1.0000          x1c2
 23.0000    0    1.000   1.0000          NULL 
 24.0000    2    5.000   1.0000          x1c2
 29.0000    0    3.000   1.0000          NULL 
 32.0000    4    5.000   1.0000          x2c2
 37.0000    0    1.000   1.0000          NULL 
 38.0000    3    5.000   1.0000          x2c1
 43.0000    0    1.000   1.0000          NULL 
 44.0000    4    5.000   1.0000          x2c2
 49.0000    0    3.000   1.0000          NULL 
 52.0000    2    5.000   1.0000          x1c2
 57.0000    0    1.000   1.0000          NULL 
 58.0000    1    5.000   1.0000          x1c1
 63.0000    0    1.000   1.0000          NULL 
 64.0000    2    5.000   1.0000          x1c2
 69.0000    0    1.000   1.0000          NULL 
 70.0000    4    5.000   1.0000          x2c2
 75.0000    0    1.000   1.0000          NULL 
 76.0000    2    5.000   1.0000          x1c2
 81.0000    0    1.000   1.0000          NULL 
 82.0000    3    5.000   1.0000          x2c1
 87.0000    0    1.000   1.0000          NULL 
 88.0000    3    5.000   1.0000          x2c1
 93.0000    0    3.000   1.0000          NULL 
 96.0000    1    5.000   1.0000          x1c1
101.0000    0    1.000   1.0000          NULL 
102.0000    4    5.000   1.0000          x2c2
107.0000    0    7.000   1.0000          NULL 
114.0000    4    5.000   1.0000          x2c2
119.0000    0    1.000   1.0000          NULL 
120.0000    1    5.000   1.0000          x1c1
125.0000    0    1.000   1.0000          NULL 
126.0000    1    5.000   1.0000          x1c1
131.0000    0    3.000   1.0000          NULL 
134.0000    3    5.000   1.0000          x2c1
139.0000    0    5.000   1.0000          NULL 
