  0.0000    1    5.000   1.0000          x1c1
  5.0000    0    1.000   1.0000          NULL 
  6.0000    4    5.000   1.0000          x2c2
 11.0000    0    5.000   1.0000          NULL 
 16.0000    1    5.000   1.0000          x1c1
 21.0000    0    1.000   1.0000          NULL 
 22.0000    1    5.000   1.0000          x1c1
 27.0000    0    1.000   1.0000          NULL 
 28.0000    2    5.000   1.0000          x1c2
 33.0000    0    1.000   1.0000          NULL 
 34.0000    3    5.000   1.0000          x2c1
 39.0000    0    1.000   1.0000          NULL 
 40.0000    3    5.000   1.0000          x2c1
 45.0000    0    3.000   1.0000          NULL 
 48.0000    2    5.000   1.0000          x1c2
 53.0000    0    1.000   1.0000          NULL 
 54.0000    1    5.000   1.0000          x1c1
 59.0000    0    1.000   1.0000          NULL 
 60.0000    3    5.000   1.0000          x2c1
 65.0000    0    5.000   1.0000          NULL 
 70.0000    3    5.000   1.0000          x2c1
 75.0000    0    1.000   1.0000          NULL 
 76.0000    2    5.000   1.0000          x1c2
 81.0000    0    1.000   1.0000          NULL 
 82.0000    2    5.000   1.0000          x1c2
 87.0000    0    5.000   1.0000          NULL 
 92.0000    4    5.000   1.0000          x2c2
 97.0000    0    1.000   1.0000          NULL 
 98.0000    2    5.000   1.0000          x1c2
103.0000    0    1.000   1.0000          NULL 
104.0000    4    5.000   1.0000          x2c2
109.0000    0    3.000   1.0000          NULL 
112.0000    4    5.000   1.0000          x2c2
117.0000    0    1.000   1.0000          NULL 
118.0000    3    5.000   1.0000          x2c1
123.0000    0    3.000   1.0000          NULL 
126.0000    1    5.000   1.0000          x1c1
131.0000    0    3.000   1.0000          NULL 
134.0000    4    5.000   1.0000          x2c2
139.0000    0    5.000   1.0000          NULL 
