  0.0000    2    5.000   1.0000          x1c2
  5.0000    0    5.000   1.0000          NULL 
 10.0000    4    5.000   1.0000          x2c2
 15.0000    0    1.000   1.0000          NULL 
 16.0000    3    5.000   1.0000          x2c1
 21.0000    0    3.000   1.0000          NULL 
 24.0000    2    5.000   1.0000          x1c2
 29.0000    0    1.000   1.0000          NULL 
 30.0000    2    5.000   1.0000          x1c2
 35.0000    0    1.000   1.0000          NULL 
 36.0000    3    5.000   1.0000          x2c1
 41.0000    0    1.000   1.0000          NULL 
 42.0000    4    5.000   1.0000          x2c2
 47.0000    0    1.000   1.0000          NULL 
 48.0000    1    5.000   1.0000          x1c1
 53.0000    0    3.000   1.0000          NULL 
 56.0000    1    5.000   1.0000          x1c1
 61.0000    0    1.000   1.0000          NULL 
 62.0000    3    5.000   1.0000          x2c1
 67.0000    0    3.000   1.0000          NULL 
 70.0000    1    5.000   1.0000          x1c1
 75.0000    0    7.000   1.0000          NULL 
 82.0000    3    5.000   1.0000          x2c1
 87.0000    0    1.000   1.0000          NULL 
 88.0000    3    5.000   1.0000          x2c1
 93.0000    0    5.000   1.0000          NULL 
 98.0000    1    5.000   1.0000          x1c1
103.0000    0    1.000   1.0000          NULL 
104.0000    2    5.000   1.0000          x1c2
109.0000    0    1.000   1.0000          NULL 
110.0000    4    5.000   1.0000          x2c2
115.0000    0    3.000   1.0000          NULL 
118.0000    4    5.000   1.0000          x2c2
123.0000    0    3.000   1.0000          NULL 
126.0000    4    5.000   1.0000          x2c2
131.0000    0    1.000   1.0000          NULL 
132.0000    2    5.000   1.0000          x1c2
137.0000    0    1.000   1.0000          NULL 
138.0000    1    5.000   1.0000          x1c1
143.0000    0    1.000   1.0000          NULL 
