  0.0000    3    5.000   1.0000          x2c1
  5.0000    0    1.000   1.0000          NULL 
  6.0000    1    5.000   1.0000          x1c1
 11.0000    0    3.000   1.0000          NULL 
 14.0000    2    5.000   1.0000          x1c2
 19.0000    0    3.000   1.0000          NULL 
 22.0000    4    5.000   1.0000          x2c2
 27.0000    0    1.000   1.0000          NULL 
 28.0000    2    5.000   1.0000          x1c2
 33.0000    0    1.000   1.0000          NULL 
 34.0000    1    5.000   1.0000          x1c1
 39.0000    0    1.000   1.0000          NULL 
 40.0000    1    5.000   1.0000          x1c1
 45.0000    0    1.000   1.0000          NULL 
 46.0000    4    5.000   1.0000          x2c2
 51.0000    0    7.000   1.0000          NULL 
 58.0000    4    5.000   1.0000          x2c2
 63.0000    0    1.000   1.0000          NULL 
 64.0000    3    5.000   1.0000          x2c1
 69.0000    0    3.000   1.0000          NULL 
 72.0000    1    5.000   1.0000          x1c1
 77.0000    0    1.000   1.0000          NULL 
 78.0000    3    5.000   1.0000          x2c1
 83.0000    0    1.000   1.0000          NULL 
 84.0000    4    5.000   1.0000          x2c2
 89.0000    0    3.000   1.0000          NULL 
 92.0000    3    5.000   1.0000          x2c1
 97.0000    0    1.000   1.0000          NULL 
 98.0000    2    5.000   1.0000          x1c2
103.0000    0    1.000   1.0000          NULL 
104.0000    4    5.000   1.0000          x2c2
109.0000    0    1.000   1.0000          NULL 
110.0000    2    5.000   1.0000          x1c2
115.0000    0    7.000   1.0000          NULL 
122.0000    3    5.000   1.0000          x2c1
127.0000    0    5.000   1.0000          NULL 
132.0000    1    5.000   1.0000          x1c1
137.0000    0    1.000   1.0000          NULL 
138.0000    2    5.000   1.0000          x1c2
143.0000    0    1.000   1.0000          NULL 
