  0.0000    1    5.000   1.0000          x1c1
  5.0000    0    1.000   1.0000          NULL 
  6.0000    4    5.000   1.0000          x2c2
 11.0000    0    1.000   1.0000          NULL 
 12.0000    3    5.000   1.0000          x2c1
 17.0000    0    1.000   1.0000          NULL 
 18.0000    4    5.000   1.0000          x2c2
 23.0000    0    1.000   1.0000          NULL 
 24.0000    4    5.000   1.0000          x2c2
 29.0000    0    3.000   1.0000          NULL 
 32.0000    2    5.000   1.0000          x1c2
 37.0000    0    1.000   1.0000          NULL 
 38.0000    2    5.000   1.0000          x1c2
 43.0000    0    7.000   1.0000          NULL 
 50.0000    2    5.000   1.0000          x1c2
 55.0000    0    1.000   1.0000          NULL 
 56.0000    1    5.000   1.0000          x1c1
 61.0000    0    1.000   1.0000          NULL 
 62.0000    1    5.000   1.0000          x1c1
 67.0000    0    1.000   1.0000          NULL 
 68.0000    3    5.000   1.0000          x2c1
 73.0000    0    3.000   1.0000          NULL 
 76.0000    1    5.000   1.0000          x1c1
 81.0000    0    5.000   1.0000          NULL 
 86.0000    4    5.000   1.0000          x2c2
 91.0000    0    1.000   1.0000          NULL 
 92.0000    2    5.000   1.0000          x1c2
 97.0000    0    3.000   1.0000          NULL 
100.0000    3    5.000   1.0000          x2c1
105.0000    0    1.000   1.0000          NULL 
106.0000    2    5.000   1.0000          x1c2
111.0000    0    7.000   1.0000          NULL 
118.0000    3    5.000   1.0000          x2c1
123.0000    0    1.000   1.0000          NULL 
124.0000    1    5.000   1.0000          x1c1
129.0000    0    3.000   1.0000          NULL 
132.0000    4    5.000   1.0000          x2c2
137.0000    0    1.000   1.0000          NULL 
138.0000    3    5.000   1.0000          x2c1
143.0000    0    1.000   1.0000          NULL 
