  0.0000    1    5.000   1.0000          x1c1
  5.0000    0    3.000   1.0000          NULL 
  8.0000    2    5.000   1.0000          x1c2
 13.0000    0    3.000   1.0000          NULL 
 16.0000    4    5.000   1.0000          x2c2
 21.0000    0    1.000   1.0000          NULL 
 22.0000    4    5.000   1.0000          x2c2
 27.0000    0    1.000   1.0000          NULL 
 28.0000    3    5.000   1.0000          x2c1
 33.0000    0    1.000   1.0000          NULL 
 34.0000    2    5.000   1.0000          x1c2
 39.0000    0    1.000   1.0000          NULL 
 40.0000    3    5.000   1.0000          x2c1
 45.0000    0    1.000   1.0000          NULL 
 46.0000    1    5.000   1.0000          x1c1
 51.0000    0    1.000   1.0000          NULL 
 52.0000    4    5.000   1.0000          x2c2
 57.0000    0    5.000   1.0000          NULL 
 62.0000    2    5.000   1.0000          x1c2
 67.0000    0    3.000   1.0000          NULL 
 70.0000    3    5.000   1.0000          x2c1
 75.0000    0    1.000   1.0000          NULL 
 76.0000    4    5.000   1.0000          x2c2
 81.0000    0    1.000   1.0000          NULL 
 82.0000    2    5.000   1.0000          x1c2
 87.0000    0    5.000   1.0000          NULL 
 92.0000    1    5.000   1.0000          x1c1
 97.0000    0    1.000   1.0000          NULL 
 98.0000    3    5.000   1.0000          x2c1
103.0000    0    3.000   1.0000          NULL 
106.0000    2    5.000   1.0000          x1c2
111.0000    0    3.000   1.0000          NULL 
114.0000    1    5.000   1.0000          x1c1
119.0000    0    3.000   1.0000          NULL 
122.0000    3    5.000   1.0000          x2c1
127.0000    0    5.000   1.0000          NULL 
132.0000    4    5.000   1.0000          x2c2
137.0000    0    1.000   1.0000          NULL 
138.0000    1    5.000   1.0000          x1c1
143.0000    0    1.000   1.0000          NULL 
