  0.0000    2    5.000   1.0000          x1c2
  5.0000    0    1.000   1.0000          NULL 
  6.0000    3    5.000   1.0000          x2c1
 11.0000    0    1.000   1.0000          NULL 
 12.0000    2    5.000   1.0000          x1c2
 17.0000    0    3.000   1.0000          NULL 
 20.0000    3    5.000   1.0000          x2c1
 25.0000    0    1.000   1.0000          NULL 
 26.0000    1    5.000   1.0000          x1c1
 31.0000    0    1.000   1.0000          NULL 
 32.0000    4    5.000   1.0000          x2c2
 37.0000    0    3.000   1.0000          NULL 
 40.0000    4    5.000   1.0000          x2c2
 45.0000    0    1.000   1.0000          NULL 
 46.0000    3    5.000   1.0000          x2c1
 51.0000    0    1.000   1.0000          NULL 
 52.0000    4    5.000   1.0000          x2c2
 57.0000    0    1.000   1.0000          NULL 
 58.0000    1    5.000   1.0000          x1c1
 63.0000    0    5.000   1.0000          NULL 
 68.0000    3    5.000   1.0000          x2c1
 73.0000    0    1.000   1.0000          NULL 
 74.0000    2    5.000   1.0000          x1c2
 79.0000    0    5.000   1.0000          NULL 
 84.0000    1    5.000   1.0000          x1c1
 89.0000    0    3.000   1.0000          NULL 
 92.0000    4    5.000   1.0000          x2c2
 97.0000    0    1.000   1.0000          NULL 
 98.0000    4    5.000   1.0000          x2c2
103.0000    0    5.000   1.0000          NULL 
108.0000    2    5.000   1.0000          x1c2
113.0000    0    3.000   1.0000          NULL 
116.0000    2    5.000   1.0000          x1c2
121.0000    0    1.000   1.0000          NULL 
122.0000    1    5.000   1.0000          x1c1
127.0000    0    1.000   1.0000          NULL 
128.0000    3    5.000   1.0000          x2c1
133.0000    0    5.000   1.0000          NULL 
138.0000    1    5.000   1.0000          x1c1
143.0000    0    1.000   1.0000          NULL 
