  0.0000    3    5.000   1.0000          x2c1
  5.0000    0    1.000   1.0000          NULL 
  6.0000    3    5.000   1.0000          x2c1
 11.0000    0    3.000   1.0000          NULL 
 14.0000    4    5.000   1.0000          x2c2
 19.0000    0    1.000   1.0000          NULL 
 20.0000    4    5.000   1.0000          x2c2
 25.0000    0    3.000   1.0000          NULL 
 28.0000    2    5.000   1.0000          x1c2
 33.0000    0    1.000   1.0000          NULL 
 34.0000    1    5.000   1.0000          x1c1
 39.0000    0    3.000   1.0000          NULL 
 42.0000    1    5.000   1.0000          x1c1
 47.0000    0    3.000   1.0000          NULL 
 50.0000    3    5.000   1.0000          x2c1
 55.0000    0    1.000   1.0000          NULL 
 56.0000    2    5.000   1.0000          x1c2
 61.0000    0    5.000   1.0000          NULL 
 66.0000    1    5.000   1.0000          x1c1
 71.0000    0    1.000   1.0000          NULL 
 72.0000    4    5.000   1.0000          x2c2
 77.0000    0    1.000   1.0000          NULL 
 78.0000    1    5.000   1.0000          x1c1
 83.0000    0    1.000   1.0000          NULL 
 84.0000    2    5.000   1.0000          x1c2
 89.0000    0    3.000   1.0000          NULL 
 92.0000    4    5.000   1.0000          x2c2
 97.0000    0    3.000   1.0000          NULL 
100.0000    3    5.000   1.0000          x2c1
105.0000    0    3.000   1.0000          NULL 
108.0000    2    5.000   1.0000          x1c2
113.0000    0    1.000   1.0000          NULL 
114.0000    2    5.000   1.0000          x1c2
119.0000    0    1.000   1.0000          NULL 
120.0000    3    5.000   1.0000          x2c1
125.0000    0    1.000   1.0000          NULL 
126.0000    4    5.000   1.0000          x2c2
131.0000    0    7.000   1.0000          NULL 
138.0000    1    5.000   1.0000          x1c1
143.0000    0    1.000   1.0000          NULL 
