  0.0000    1    5.000   1.0000          x1c1
  5.0000    0    3.000   1.0000          NULL 
  8.0000    1    5.000   1.0000          x1c1
 13.0000    0    1.000   1.0000          NULL 
 14.0000    3    5.000   1.0000          x2c1
 19.0000    0    1.000   1.0000          NULL 
 20.0000    4    5.000   1.0000          x2c2
 25.0000    0    1.000   1.0000          NULL 
 26.0000    4    5.000   1.0000          x2c2
 31.0000    0    1.000   1.0000          NULL 
 32.0000    1    5.000   1.0000          x1c1
 37.0000    0    1.000   1.0000          NULL 
 38.0000    4    5.000   1.0000          x2c2
 43.0000    0    5.000   1.0000          NULL 
 48.0000    2    5.000   1.0000          x1c2
 53.0000    0    3.000   1.0000          NULL 
 56.0000    3    5.000   1.0000          x2c1
 61.0000    0    3.000   1.0000          NULL 
 64.0000    2    5.000   1.0000          x1c2
 69.0000    0    1.000   1.0000          NULL 
 70.0000    4    5.000   1.0000          x2c2
 75.0000    0    3.000   1.0000          NULL 
 78.0000    1    5.000   1.0000          x1c1
 83.0000    0    1.000   1.0000          NULL 
 84.0000    1    5.000   1.0000          x1c1
 89.0000    0    1.000   1.0000          NULL 
 90.0000    2    5.000   1.0000          x1c2
 95.0000    0    5.000   1.0000          NULL 
100.0000    2    5.000   1.0000          x1c2
105.0000    0    1.000   1.0000          NULL 
106.0000    2    5.000   1.0000          x1c2
111.0000    0    1.000   1.0000          NULL 
112.0000    3    5.000   1.0000          x2c1
117.0000    0    3.000   1.0000          NULL 
120.0000    4    5.000   1.0000          x2c2
125.0000    0    1.000   1.0000          NULL 
126.0000    3    5.000   1.0000          x2c1
131.0000    0    1.000   1.0000          NULL 
132.0000    3    5.000   1.0000          x2c1
137.0000    0    7.000   1.0000          NULL 
