  0.0000    3    5.000   1.0000          x2c1
  5.0000    0    3.000   1.0000          NULL 
  8.0000    2    5.000   1.0000          x1c2
 13.0000    0    1.000   1.0000          NULL 
 14.0000    2    5.000   1.0000          x1c2
 19.0000    0    1.000   1.0000          NULL 
 20.0000    1    5.000   1.0000          x1c1
 25.0000    0    1.000   1.0000          NULL 
 26.0000    2    5.000   1.0000          x1c2
 31.0000    0    1.000   1.0000          NULL 
 32.0000    4    5.000   1.0000          x2c2
 37.0000    0    3.000   1.0000          NULL 
 40.0000    4    5.000   1.0000          x2c2
 45.0000    0    3.000   1.0000          NULL 
 48.0000    3    5.000   1.0000          x2c1
 53.0000    0    7.000   1.0000          NULL 
 60.0000    4    5.000   1.0000          x2c2
 65.0000    0    1.000   1.0000          NULL 
 66.0000    2    5.000   1.0000          x1c2
 71.0000    0    3.000   1.0000          NULL 
 74.0000    3    5.000   1.0000          x2c1
 79.0000    0    1.000   1.0000          NULL 
 80.0000    2    5.000   1.0000          x1c2
 85.0000    0    5.000   1.0000          NULL 
 90.0000    1    5.000   1.0000          x1c1
 95.0000    0    1.000   1.0000          NULL 
 96.0000    4    5.000   1.0000          x2c2
101.0000    0    3.000   1.0000          NULL 
104.0000    1    5.000   1.0000          x1c1
109.0000    0    3.000   1.0000          NULL 
112.0000    4    5.000   1.0000          x2c2
117.0000    0    1.000   1.0000          NULL 
118.0000    3    5.000   1.0000          x2c1
123.0000    0    3.000   1.0000          NULL 
126.0000    1    5.000   1.0000          x1c1
131.0000    0    1.000   1.0000          NULL 
132.0000    3    5.000   1.0000          x2c1
137.0000    0    1.000   1.0000          NULL 
138.0000    1    5.000   1.0000          x1c1
143.0000    0    1.000   1.0000          NULL 
