  0.0000    2    5.000   1.0000          x1c2
  5.0000    0    3.000   1.0000          NULL 
  8.0000    1    5.000   1.0000          x1c1
 13.0000    0    1.000   1.0000          NULL 
 14.0000    3    5.000   1.0000          x2c1
 19.0000    0    1.000   1.0000          NULL 
 20.0000    2    5.000   1.0000          x1c2
 25.0000    0    1.000   1.0000          NULL 
 26.0000    2    5.000   1.0000          x1c2
 31.0000    0    3.000   1.0000          NULL 
 34.0000    4    5.000   1.0000          x2c2
 39.0000    0    3.000   1.0000          NULL 
 42.0000    4    5.000   1.0000          x2c2
 47.0000    0    1.000   1.0000          NULL 
 48.0000    3    5.000   1.0000          x2c1
 53.0000    0    1.000   1.0000          NULL 
 54.0000    1    5.000   1.0000          x1c1
 59.0000    0    1.000   1.0000          NULL 
 60.0000    2    5.000   1.0000          x1c2
 65.0000    0    5.000   1.0000          NULL 
 70.0000    2    5.000   1.0000          x1c2
 75.0000    0    1.000   1.0000          NULL 
 76.0000    3    5.000   1.0000          x2c1
 81.0000    0    1.000   1.0000          NULL 
 82.0000    4    5.000   1.0000          x2c2
 87.0000    0    1.000   1.0000          NULL 
 88.0000    1    5.000   1.0000          x1c1
 93.0000    0    1.000   1.0000          NULL 
 94.0000    4    5.000   1.0000          x2c2
 99.0000    0    5.000   1.0000          NULL 
104.0000    3    5.000   1.0000          x2c1
109.0000    0    1.000   1.0000          NULL 
110.0000    3    5.000   1.0000          x2c1
115.0000    0    5.000   1.0000          NULL 
120.0000    1    5.000   1.0000          x1c1
125.0000    0    7.000   1.0000          NULL 
132.0000    4    5.000   1.0000          x2c2
137.0000    0    1.000   1.0000          NULL 
138.0000    1    5.000   1.0000          x1c1
143.0000    0    1.000   1.0000          NULL 
