  0.0000    3    5.000   1.0000          x2c1
  5.0000    0    1.000   1.0000          NULL 
  6.0000    1    5.000   1.0000          x1c1
 11.0000    0    3.000   1.0000          NULL 
 14.0000    1    5.000   1.0000          x1c1
 19.0000    0    1.000   1.0000          NULL 
 20.0000    2    5.000   1.0000          x1c2
 25.0000    0    5.000   1.0000          NULL 
 30.0000    2    5.000   1.0000          x1c2
 35.0000    0    1.000   1.0000          NULL 
 36.0000    4    5.000   1.0000          x2c2
 41.0000    0    1.000   1.0000          NULL 
 42.0000    2    5.000   1.0000          x1c2
 47.0000    0    3.000   1.0000          NULL 
 50.0000    3    5.000   1.0000          x2c1
 55.0000    0    1.000   1.0000          NULL 
 56.0000    2    5.000   1.0000          x1c2
 61.0000    0    3.000   1.0000          NULL 
 64.0000    1    5.000   1.0000          x1c1
 69.0000    0    1.000   1.0000          NULL 
 70.0000    3    5.000   1.0000          x2c1
 75.0000    0    1.000   1.0000          NULL 
 76.0000    3    5.000   1.0000          x2c1
 81.0000    0    5.000   1.0000          NULL 
 86.0000    1    5.000   1.0000          x1c1
 91.0000    0    3.000   1.0000          NULL 
 94.0000    4    5.000   1.0000          x2c2
 99.0000    0    1.000   1.0000          NULL 
100.0000    3    5.000   1.0000          x2c1
105.0000    0    1.000   1.0000          NULL 
106.0000    4    5.000   1.0000          x2c2
111.0000    0    5.000   1.0000          NULL 
116.0000    2    5.000   1.0000          x1c2
121.0000    0    5.000   1.0000          NULL 
126.0000    4    5.000   1.0000          x2c2
131.0000    0    1.000   1.0000          NULL 
132.0000    1    5.000   1.0000          x1c1
137.0000    0    1.000   1.0000          NULL 
138.0000    4    5.000   1.0000          x2c2
143.0000    0    1.000   1.0000          NULL 
