  0.0000    2    5.000   1.0000          x1c2
  5.0000    0    1.000   1.0000          NULL 
  6.0000    2    5.000   1.0000          x1c2
 11.0000    0    1.000   1.0000          NULL 
 12.0000    1    5.000   1.0000          x1c1
 17.0000    0    1.000   1.0000          NULL 
 18.0000    2    5.000   1.0000          x1c2
 23.0000    0    1.000   1.0000          NULL 
 24.0000    1    5.000   1.0000          x1c1
 29.0000    0    1.000   1.0000          NULL 
 30.0000    1    5.000   1.0000          x1c1
 35.0000    0    3.000   1.0000          NULL 
 38.0000    1    5.000   1.0000          x1c1
 43.0000    0    5.000   1.0000          NULL 
 48.0000    2    5.000   1.0000          x1c2
 53.0000    0    3.000   1.0000          NULL 
 56.0000    3    5.000   1.0000          x2c1
 61.0000    0    3.000   1.0000          NULL 
 64.0000    4    5.000   1.0000          x2c2
 69.0000    0    3.000   1.0000          NULL 
 72.0000    3    5.000   1.0000          x2c1
 77.0000    0    1.000   1.0000          NULL 
 78.0000    4    5.000   1.0000          x2c2
 83.0000    0    1.000   1.0000          NULL 
 84.0000    3    5.000   1.0000          x2c1
 89.0000    0    1.000   1.0000          NULL 
 90.0000    3    5.000   1.0000          x2c1
 95.0000    0    5.000   1.0000          NULL 
100.0000    3    5.000   1.0000          x2c1
105.0000    0    1.000   1.0000          NULL 
106.0000    2    5.000   1.0000          x1c2
111.0000    0    3.000   1.0000          NULL 
114.0000    4    5.000   1.0000          x2c2
119.0000    0    1.000   1.0000          NULL 
120.0000    4    5.000   1.0000          x2c2
125.0000    0    1.000   1.0000          NULL 
126.0000    1    5.000   1.0000          x1c1
131.0000    0    1.000   1.0000          NULL 
132.0000    4    5.000   1.0000          x2c2
137.0000    0    7.000   1.0000          NULL 
