  0.0000    1    5.000   1.0000          x1c1
  5.0000    0    5.000   1.0000          NULL 
 10.0000    2    5.000   1.0000          x1c2
 15.0000    0    1.000   1.0000          NULL 
 16.0000    1    5.000   1.0000          x1c1
 21.0000    0    1.000   1.0000          NULL 
 22.0000    3    5.000   1.0000          x2c1
 27.0000    0    5.000   1.0000          NULL 
 32.0000    2    5.000   1.0000          x1c2
 37.0000    0    1.000   1.0000          NULL 
 38.0000    2    5.000   1.0000          x1c2
 43.0000    0    1.000   1.0000          NULL 
 44.0000    3    5.000   1.0000          x2c1
 49.0000    0    5.000   1.0000          NULL 
 54.0000    4    5.000   1.0000          x2c2
 59.0000    0    1.000   1.0000          NULL 
 60.0000    1    5.000   1.0000          x1c1
 65.0000    0    3.000   1.0000          NULL 
 68.0000    3    5.000   1.0000          x2c1
 73.0000    0    1.000   1.0000          NULL 
 74.0000    1    5.000   1.0000          x1c1
 79.0000    0    1.000   1.0000          NULL 
 80.0000    4    5.000   1.0000          x2c2
 85.0000    0    3.000   1.0000          NULL 
 88.0000    1    5.000   1.0000          x1c1
 93.0000    0    1.000   1.0000          NULL 
 94.0000    2    5.000   1.0000          x1c2
 99.0000    0    3.000   1.0000          NULL 
102.0000    4    5.000   1.0000          x2c2
107.0000    0    1.000   1.0000          NULL 
108.0000    2    5.000   1.0000          x1c2
113.0000    0    3.000   1.0000          NULL 
116.0000    3    5.000   1.0000          x2c1
121.0000    0    1.000   1.0000          NULL 
122.0000    3    5.000   1.0000          x2c1
127.0000    0    3.000   1.0000          NULL 
130.0000    4    5.000   1.0000          x2c2
135.0000    0    3.000   1.0000          NULL 
138.0000    4    5.000   1.0000          x2c2
143.0000    0    1.000   1.0000          NULL 
