  0.0000    3    5.000   1.0000          x2c1
  5.0000    0    3.000   1.0000          NULL 
  8.0000    4    5.000   1.0000          x2c2
 13.0000    0    1.000   1.0000          NULL 
 14.0000    1    5.000   1.0000          x1c1
 19.0000    0    1.000   1.0000          NULL 
 20.0000    3    5.000   1.0000          x2c1
 25.0000    0    1.000   1.0000          NULL 
 26.0000    4    5.000   1.0000          x2c2
 31.0000    0    1.000   1.0000          NULL 
 32.0000    2    5.000   1.0000          x1c2
 37.0000    0    1.000   1.0000          NULL 
 38.0000    2    5.000   1.0000          x1c2
 43.0000    0    1.000   1.0000          NULL 
 44.0000    3    5.000   1.0000          x2c1
 49.0000    0    1.000   1.0000          NULL 
 50.0000    1    5.000   1.0000          x1c1
 55.0000    0    1.000   1.0000          NULL 
 56.0000    1    5.000   1.0000          x1c1
 61.0000    0    1.000   1.0000          NULL 
 62.0000    3    5.000   1.0000          x2c1
 67.0000    0    5.000   1.0000          NULL 
 72.0000    3    5.000   1.0000          x2c1
 77.0000    0    7.000   1.0000          NULL 
 84.0000    2    5.000   1.0000          x1c2
 89.0000    0    1.000   1.0000          NULL 
 90.0000    1    5.000   1.0000          x1c1
 95.0000    0    1.000   1.0000          NULL 
 96.0000    4    5.000   1.0000          x2c2
101.0000    0    1.000   1.0000          NULL 
102.0000    4    5.000   1.0000          x2c2
107.0000    0    5.000   1.0000          NULL 
112.0000    2    5.000   1.0000          x1c2
117.0000    0    3.000   1.0000          NULL 
120.0000    1    5.000   1.0000          x1c1
125.0000    0    5.000   1.0000          NULL 
130.0000    4    5.000   1.0000          x2c2
135.0000    0    3.000   1.0000          NULL 
138.0000    2    5.000   1.0000          x1c2
143.0000    0    1.000   1.0000          NULL 
