  0.0000    2    5.000   1.0000          x1c2
  5.0000    0    5.000   1.0000          NULL 
 10.0000    2    5.000   1.0000          x1c2
 15.0000    0    1.000   1.0000          NULL 
 16.0000    2    5.000   1.0000          x1c2
 21.0000    0    1.000   1.0000          NULL 
 22.0000    4    5.000   1.0000          x2c2
 27.0000    0    1.000   1.0000          NULL 
 28.0000    1    5.000   1.0000          x1c1
 33.0000    0    7.000   1.0000          NULL 
 40.0000    4    5.000   1.0000          x2c2
 45.0000    0    1.000   1.0000          NULL 
 46.0000    3    5.000   1.0000          x2c1
 51.0000    0    3.000   1.0000          NULL 
 54.0000    3    5.000   1.0000          x2c1
 59.0000    0    5.000   1.0000          NULL 
 64.0000    2    5.000   1.0000          x1c2
 69.0000    0    1.000   1.0000          NULL 
 70.0000    1    5.000   1.0000          x1c1
 75.0000    0    1.000   1.0000          NULL 
 76.0000    1    5.000   1.0000          x1c1
 81.0000    0    1.000   1.0000          NULL 
 82.0000    3    5.000   1.0000          x2c1
 87.0000    0    1.000   1.0000          NULL 
 88.0000    4    5.000   1.0000          x2c2
 93.0000    0    1.000   1.0000          NULL 
 94.0000    4    5.000   1.0000          x2c2
 99.0000    0    5.000   1.0000          NULL 
104.0000    3    5.000   1.0000          x2c1
109.0000    0    3.000   1.0000          NULL 
112.0000    1    5.000   1.0000          x1c1
117.0000    0    3.000   1.0000          NULL 
120.0000    1    5.000   1.0000          x1c1
125.0000    0    1.000   1.0000          NULL 
126.0000    4    5.000   1.0000          x2c2
131.0000    0    1.000   1.0000          NULL 
132.0000    2    5.000   1.0000          x1c2
137.0000    0    1.000   1.0000          NULL 
138.0000    3    5.000   1.0000          x2c1
143.0000    0    1.000   1.0000          NULL 
