  0.0000    2    5.000   1.0000          x1c2
  5.0000    0    1.000   1.0000          NULL 
  6.0000    3    5.000   1.0000          x2c1
 11.0000    0    1.000   1.0000          NULL 
 12.0000    1    5.000   1.0000          x1c1
 17.0000    0    1.000   1.0000          NULL 
 18.0000    2    5.000   1.0000          x1c2
 23.0000    0    1.000   1.0000          NULL 
 24.0000    1    5.000   1.0000          x1c1
 29.0000    0    3.000   1.0000          NULL 
 32.0000    2    5.000   1.0000          x1c2
 37.0000    0    1.000   1.0000          NULL 
 38.0000    2    5.000   1.0000          x1c2
 43.0000    0    1.000   1.0000          NULL 
 44.0000    4    5.000   1.0000          x2c2
 49.0000    0    1.000   1.0000          NULL 
 50.0000    3    5.000   1.0000          x2c1
 55.0000    0    5.000   1.0000          NULL 
 60.0000    4    5.000   1.0000          x2c2
 65.0000    0    7.000   1.0000          NULL 
 72.0000    3    5.000   1.0000          x2c1
 77.0000    0    3.000   1.0000          NULL 
 80.0000    1    5.000   1.0000          x1c1
 85.0000    0    1.000   1.0000          NULL 
 86.0000    4    5.000   1.0000          x2c2
 91.0000    0    3.000   1.0000          NULL 
 94.0000    3    5.000   1.0000          x2c1
 99.0000    0    3.000   1.0000          NULL 
102.0000    4    5.000   1.0000          x2c2
107.0000    0    1.000   1.0000          NULL 
108.0000    4    5.000   1.0000          x2c2
113.0000    0    1.000   1.0000          NULL 
114.0000    3    5.000   1.0000          x2c1
119.0000    0    1.000   1.0000          NULL 
120.0000    2    5.000   1.0000          x1c2
125.0000    0    3.000   1.0000          NULL 
128.0000    1    5.000   1.0000          x1c1
133.0000    0    1.000   1.0000          NULL 
134.0000    1    5.000   1.0000          x1c1
139.0000    0    5.000   1.0000          NULL 
