  0.0000    3    5.000   1.0000          x2c1
  5.0000    0    1.000   1.0000          NULL 
  6.0000    4    5.000   1.0000          x2c2
 11.0000    0    3.000   1.0000          NULL 
 14.0000    3    5.000   1.0000          x2c1
 19.0000    0    1.000   1.0000          NULL 
 20.0000    1    5.000   1.0000          x1c1
 25.0000    0    1.000   1.0000          NULL 
 26.0000    2    5.000   1.0000          x1c2
 31.0000    0    3.000   1.0000          NULL 
 34.0000    2    5.000   1.0000          x1c2
 39.0000    0    1.000   1.0000          NULL 
 40.0000    1    5.000   1.0000          x1c1
 45.0000    0    1.000   1.0000          NULL 
 46.0000    1    5.000   1.0000          x1c1
 51.0000    0    1.000   1.0000          NULL 
 52.0000    4    5.000   1.0000          x2c2
 57.0000    0    1.000   1.0000          NULL 
 58.0000    4    5.000   1.0000          x2c2
 63.0000    0    3.000   1.0000          NULL 
 66.0000    1    5.000   1.0000          x1c1
 71.0000    0    5.000   1.0000          NULL 
 76.0000    1    5.000   1.0000          x1c1
 81.0000    0    3.000   1.0000          NULL 
 84.0000    4    5.000   1.0000          x2c2
 89.0000    0    1.000   1.0000          NULL 
 90.0000    3    5.000   1.0000          x2c1
 95.0000    0    1.000   1.0000          NULL 
 96.0000    3    5.000   1.0000          x2c1
101.0000    0    3.000   1.0000          NULL 
104.0000    4    5.000   1.0000          x2c2
109.0000    0    7.000   1.0000          NULL 
116.0000    2    5.000   1.0000          x1c2
121.0000    0    1.000   1.0000          NULL 
122.0000    2    5.000   1.0000          x1c2
127.0000    0    1.000   1.0000          NULL 
128.0000    3    5.000   1.0000          x2c1
133.0000    0    5.000   1.0000          NULL 
138.0000    2    5.000   1.0000          x1c2
143.0000    0    1.000   1.0000          NULL 
