  0.0000    3    5.000   1.0000          x2c1
  5.0000    0    1.000   1.0000          NULL 
  6.0000    2    5.000   1.0000          x1c2
 11.0000    0    3.000   1.0000          NULL 
 14.0000    1    5.000   1.0000          x1c1
 19.0000    0    1.000   1.0000          NULL 
 20.0000    1    5.000   1.0000          x1c1
 25.0000    0    1.000   1.0000          NULL 
 26.0000    4    5.000   1.0000          x2c2
 31.0000    0    1.000   1.0000          NULL 
 32.0000    3    5.000   1.0000          x2c1
 37.0000    0    3.000   1.0000          NULL 
 40.0000    4    5.000   1.0000          x2c2
 45.0000    0    1.000   1.0000          NULL 
 46.0000    4    5.000   1.0000          x2c2
 51.0000    0    1.000   1.0000          NULL 
 52.0000    2    5.000   1.0000          x1c2
 57.0000    0    1.000   1.0000          NULL 
 58.0000    3    5.000   1.0000          x2c1
 63.0000    0    5.000   1.0000          NULL 
 68.0000    1    5.000   1.0000          x1c1
 73.0000    0    1.000   1.0000          NULL 
 74.0000    2    5.000   1.0000          x1c2
 79.0000    0    1.000   1.0000          NULL 
 80.0000    1    5.000   1.0000          x1c1
 85.0000    0    3.000   1.0000          NULL 
 88.0000    4    5.000   1.0000          x2c2
 93.0000    0    7.000   1.0000          NULL 
100.0000    3    5.000   1.0000          x2c1
105.0000    0    1.000   1.0000          NULL 
106.0000    3    5.000   1.0000          x2c1
111.0000    0    3.000   1.0000          NULL 
114.0000    1    5.000   1.0000          x1c1
119.0000    0    5.000   1.0000          NULL 
124.0000    2    5.000   1.0000          x1c2
129.0000    0    1.000   1.0000          NULL 
130.0000    4    5.000   1.0000          x2c2
135.0000    0    3.000   1.0000          NULL 
138.0000    2    5.000   1.0000          x1c2
143.0000    0    1.000   1.0000          NULL 
