  0.0000    1    5.000   1.0000          x1c1
  5.0000    0    5.000   1.0000          NULL 
 10.0000    2    5.000   1.0000          x1c2
 15.0000    0    7.000   1.0000          NULL 
 22.0000    2    5.000   1.0000          x1c2
 27.0000    0    3.000   1.0000          NULL 
 30.0000    4    5.000   1.0000          x2c2
 35.0000    0    5.000   1.0000          NULL 
 40.0000    4    5.000   1.0000          x2c2
 45.0000    0    1.000   1.0000          NULL 
 46.0000    2    5.000   1.0000          x1c2
 51.0000    0    3.000   1.0000          NULL 
 54.0000    3    5.000   1.0000          x2c1
 59.0000    0    1.000   1.0000          NULL 
 60.0000    3    5.000   1.0000          x2c1
 65.0000    0    5.000   1.0000          NULL 
 70.0000    1    5.000   1.0000          x1c1
 75.0000    0    1.000   1.0000          NULL 
 76.0000    4    5.000   1.0000          x2c2
 81.0000    0    1.000   1.0000          NULL 
 82.0000    3    5.000   1.0000          x2c1
 87.0000    0    1.000   1.0000          NULL 
 88.0000    4    5.000   1.0000          x2c2
 93.0000    0    1.000   1.0000          NULL 
 94.0000    4    5.000   1.0000          x2c2
 99.0000    0    1.000   1.0000          NULL 
100.0000    1    5.000   1.0000          x1c1
105.0000    0    1.000   1.0000          NULL 
106.0000    3    5.000   1.0000          x2c1
111.0000    0    1.000   1.0000          NULL 
112.0000    1    5.000   1.0000          x1c1
117.0000    0    1.000   1.0000          NULL 
118.0000    2    5.000   1.0000          x1c2
123.0000    0    1.000   1.0000          NULL 
124.0000    3    5.000   1.0000          x2c1
129.0000    0    3.000   1.0000          NULL 
132.0000    2    5.000   1.0000          x1c2
137.0000    0    1.000   1.0000          NULL 
138.0000    1    5.000   1.0000          x1c1
143.0000    0    1.000   1.0000          NULL 
