  0.0000    1    5.000   1.0000          x1c1
  5.0000    0    7.000   1.0000          NULL 
 12.0000    2    5.000   1.0000          x1c2
 17.0000    0    1.000   1.0000          NULL 
 18.0000    4    5.000   1.0000          x2c2
 23.0000    0    1.000   1.0000          NULL 
 24.0000    4    5.000   1.0000          x2c2
 29.0000    0    1.000   1.0000          NULL 
 30.0000    3    5.000   1.0000          x2c1
 35.0000    0    1.000   1.0000          NULL 
 36.0000    4    5.000   1.0000          x2c2
 41.0000    0    1.000   1.0000          NULL 
 42.0000    3    5.000   1.0000          x2c1
 47.0000    0    1.000   1.0000          NULL 
 48.0000    2    5.000   1.0000          x1c2
 53.0000    0    1.000   1.0000          NULL 
 54.0000    1    5.000   1.0000          x1c1
 59.0000    0    1.000   1.0000          NULL 
 60.0000    1    5.000   1.0000          x1c1
 65.0000    0    3.000   1.0000          NULL 
 68.0000    2    5.000   1.0000          x1c2
 73.0000    0    5.000   1.0000          NULL 
 78.0000    3    5.000   1.0000          x2c1
 83.0000    0    1.000   1.0000          NULL 
 84.0000    3    5.000   1.0000          x2c1
 89.0000    0    1.000   1.0000          NULL 
 90.0000    1    5.000   1.0000          x1c1
 95.0000    0    1.000   1.0000          NULL 
 96.0000    2    5.000   1.0000          x1c2
101.0000    0    5.000   1.0000          NULL 
106.0000    4    5.000   1.0000          x2c2
111.0000    0    3.000   1.0000          NULL 
114.0000    1    5.000   1.0000          x1c1
119.0000    0    1.000   1.0000          NULL 
120.0000    3    5.000   1.0000          x2c1
125.0000    0    3.000   1.0000          NULL 
128.0000    4    5.000   1.0000          x2c2
133.0000    0    5.000   1.0000          NULL 
138.0000    2    5.000   1.0000          x1c2
143.0000    0    1.000   1.0000          NULL 
