  0.0000    1    5.000   1.0000          x1c1
  5.0000    0    1.000   1.0000          NULL 
  6.0000    4    5.000   1.0000          x2c2
 11.0000    0    1.000   1.0000          NULL 
 12.0000    2    5.000   1.0000          x1c2
 17.0000    0    1.000   1.0000          NULL 
 18.0000    3    5.000   1.0000          x2c1
 23.0000    0    1.000   1.0000          NULL 
 24.0000    3    5.000   1.0000          x2c1
 29.0000    0    1.000   1.0000          NULL 
 30.0000    1    5.000   1.0000          x1c1
 35.0000    0    1.000   1.0000          NULL 
 36.0000    2    5.000   1.0000          x1c2
 41.0000    0    3.000   1.0000          NULL 
 44.0000    1    5.000   1.0000          x1c1
 49.0000    0    5.000   1.0000          NULL 
 54.0000    4    5.000   1.0000          x2c2
 59.0000    0    1.000   1.0000          NULL 
 60.0000    3    5.000   1.0000          x2c1
 65.0000    0    3.000   1.0000          NULL 
 68.0000    3    5.000   1.0000          x2c1
 73.0000    0    5.000   1.0000          NULL 
 78.0000    2    5.000   1.0000          x1c2
 83.0000    0    1.000   1.0000          NULL 
 84.0000    1    5.000   1.0000          x1c1
 89.0000    0    3.000   1.0000          NULL 
 92.0000    3    5.000   1.0000          x2c1
 97.0000    0    1.000   1.0000          NULL 
 98.0000    4    5.000   1.0000          x2c2
103.0000    0    1.000   1.0000          NULL 
104.0000    4    5.000   1.0000          x2c2
109.0000    0    1.000   1.0000          NULL 
110.0000    1    5.000   1.0000          x1c1
115.0000    0    3.000   1.0000          NULL 
118.0000    2    5.000   1.0000          x1c2
123.0000    0    7.000   1.0000          NULL 
130.0000    2    5.000   1.0000          x1c2
135.0000    0    1.000   1.0000          NULL 
136.0000    4    5.000   1.0000          x2c2
141.0000    0    3.000   1.0000          NULL 
