  0.0000    2    5.000   1.0000          x1c2
  5.0000    0    1.000   1.0000          NULL 
  6.0000    2    5.000   1.0000          x1c2
 11.0000    0    1.000   1.0000          NULL 
 12.0000    3    5.000   1.0000          x2c1
 17.0000    0    1.000   1.0000          NULL 
 18.0000    1    5.000   1.0000          x1c1
 23.0000    0    5.000   1.0000          NULL 
 28.0000    3    5.000   1.0000          x2c1
 33.0000    0    3.000   1.0000          NULL 
 36.0000    1    5.000   1.0000          x1c1
 41.0000    0    3.000   1.0000          NULL 
 44.0000    4    5.000   1.0000          x2c2
 49.0000    0    1.000   1.0000          NULL 
 50.0000    4    5.000   1.0000          x2c2
 55.0000    0    5.000   1.0000          NULL 
 60.0000    2    5.000   1.0000          x1c2
 65.0000    0    1.000   1.0000          NULL 
 66.0000    1    5.000   1.0000          x1c1
 71.0000    0    1.000   1.0000          NULL 
 72.0000    2    5.000   1.0000          x1c2
 77.0000    0    5.000   1.0000          NULL 
 82.0000    4    5.000   1.0000          x2c2
 87.0000    0    1.000   1.0000          NULL 
 88.0000    1    5.000   1.0000          x1c1
 93.0000    0    1.000   1.0000          NULL 
 94.0000    1    5.000   1.0000          x1c1
 99.0000    0    1.000   1.0000          NULL 
100.0000    4    5.000   1.0000          x2c2
105.0000    0    3.000   1.0000          NULL 
108.0000    3    5.000   1.0000          x2c1
113.0000    0    1.000   1.0000          NULL 
114.0000    2    5.000   1.0000          x1c2
119.0000    0    5.000   1.0000          NULL 
124.0000    3    5.000   1.0000          x2c1
129.0000    0    1.000   1.0000          NULL 
130.0000    3    5.000   1.0000          x2c1
135.0000    0    1.000   1.0000          NULL 
136.0000    4    5.000   1.0000          x2c2
141.0000    0    3.000   1.0000          NULL 
