  0.0000    1    5.000   1.0000          x1c1
  5.0000    0    1.000   1.0000          NULL 
  6.0000    2    5.000   1.0000          x1c2
 11.0000    0    1.000   1.0000          NULL 
 12.0000    3    5.000   1.0000          x2c1
 17.0000    0    1.000   1.0000          NULL 
 18.0000    1    5.000   1.0000          x1c1
 23.0000    0    1.000   1.0000          NULL 
 24.0000    3    5.000   1.0000          x2c1
 29.0000    0    1.000   1.0000          NULL 
 30.0000    2    5.000   1.0000          x1c2
 35.0000    0    5.000   1.0000          NULL 
 40.0000    3    5.000   1.0000          x2c1
 45.0000    0    3.000   1.0000          NULL 
 48.0000    3    5.000   1.0000          x2c1
 53.0000    0    3.000   1.0000          NULL 
 56.0000    2    5.000   1.0000          x1c2
 61.0000    0    3.000   1.0000          NULL 
 64.0000    4    5.000   1.0000          x2c2
 69.0000    0    3.000   1.0000          NULL 
 72.0000    4    5.000   1.0000          x2c2
 77.0000    0    1.000   1.0000          NULL 
 78.0000    2    5.000   1.0000          x1c2
 83.0000    0    3.000   1.0000          NULL 
 86.0000    3    5.000   1.0000          x2c1
 91.0000    0    3.000   1.0000          NULL 
 94.0000    4    5.000   1.0000          x2c2
 99.0000    0    3.000   1.0000          NULL 
102.0000    1    5.000   1.0000          x1c1
107.0000    0    1.000   1.0000          NULL 
108.0000    1    5.000   1.0000          x1c1
113.0000    0    3.000   1.0000          NULL 
116.0000    2    5.000   1.0000          x1c2
121.0000    0    1.000   1.0000          NULL 
122.0000    4    5.000   1.0000          x2c2
127.0000    0    1.000   1.0000          NULL 
128.0000    4    5.000   1.0000          x2c2
133.0000    0    1.000   1.0000          NULL 
134.0000    1    5.000   1.0000          x1c1
139.0000    0    5.000   1.0000          NULL 
