  0.0000    1    5.000   1.0000          x1c1
  5.0000    0    3.000   1.0000          NULL 
  8.0000    3    5.000   1.0000          x2c1
 13.0000    0    1.000   1.0000          NULL 
 14.0000    3    5.000   1.0000          x2c1
 19.0000    0    3.000   1.0000          NULL 
 22.0000    2    5.000   1.0000          x1c2
 27.0000    0    5.000   1.0000          NULL 
 32.0000    2    5.000   1.0000          x1c2
 37.0000    0    1.000   1.0000          NULL 
 38.0000    1    5.000   1.0000          x1c1
 43.0000    0    1.000   1.0000          NULL 
 44.0000    3    5.000   1.0000          x2c1
 49.0000    0    5.000   1.0000          NULL 
 54.0000    2    5.000   1.0000          x1c2
 59.0000    0    1.000   1.0000          NULL 
 60.0000    3    5.000   1.0000          x2c1
 65.0000    0    1.000   1.0000          NULL 
 66.0000    2    5.000   1.0000          x1c2
 71.0000    0    3.000   1.0000          NULL 
 74.0000    1    5.000   1.0000          x1c1
 79.0000    0    1.000   1.0000          NULL 
 80.0000    3    5.000   1.0000          x2c1
 85.0000    0    1.000   1.0000          NULL 
 86.0000    4    5.000   1.0000          x2c2
 91.0000    0    1.000   1.0000          NULL 
 92.0000    4    5.000   1.0000          x2c2
 97.0000    0    5.000   1.0000          NULL 
102.0000    4    5.000   1.0000          x2c2
107.0000    0    1.000   1.0000          NULL 
108.0000    1    5.000   1.0000          x1c1
113.0000    0    1.000   1.0000          NULL 
114.0000    1    5.000   1.0000          x1c1
119.0000    0    3.000   1.0000          NULL 
122.0000    4    5.000   1.0000          x2c2
127.0000    0    1.000   1.0000          NULL 
128.0000    2    5.000   1.0000          x1c2
133.0000    0    1.000   1.0000          NULL 
134.0000    4    5.000   1.0000          x2c2
139.0000    0    5.000   1.0000          NULL 
