  0.0000    2    5.000   1.0000          x1c2
  5.0000    0    3.000   1.0000          NULL 
  8.0000    1    5.000   1.0000          x1c1
 13.0000    0    1.000   1.0000          NULL 
 14.0000    1    5.000   1.0000          x1c1
 19.0000    0    5.000   1.0000          NULL 
 24.0000    3    5.000   1.0000          x2c1
 29.0000    0    1.000   1.0000          NULL 
 30.0000    2    5.000   1.0000          x1c2
 35.0000    0    1.000   1.0000          NULL 
 36.0000    2    5.000   1.0000          x1c2
 41.0000    0    1.000   1.0000          NULL 
 42.0000    4    5.000   1.0000          x2c2
 47.0000    0    3.000   1.0000          NULL 
 50.0000    4    5.000   1.0000          x2c2
 55.0000    0    1.000   1.0000          NULL 
 56.0000    4    5.000   1.0000          x2c2
 61.0000    0    1.000   1.0000          NULL 
 62.0000    4    5.000   1.0000          x2c2
 67.0000    0    5.000   1.0000          NULL 
 72.0000    1    5.000   1.0000          x1c1
 77.0000    0    5.000   1.0000          NULL 
 82.0000    2    5.000   1.0000          x1c2
 87.0000    0    5.000   1.0000          NULL 
 92.0000    3    5.000   1.0000          x2c1
 97.0000    0    3.000   1.0000          NULL 
100.0000    2    5.000   1.0000          x1c2
105.0000    0    1.000   1.0000          NULL 
106.0000    3    5.000   1.0000          x2c1
111.0000    0    1.000   1.0000          NULL 
112.0000    1    5.000   1.0000          x1c1
117.0000    0    1.000   1.0000          NULL 
118.0000    4    5.000   1.0000          x2c2
123.0000    0    1.000   1.0000          NULL 
124.0000    3    5.000   1.0000          x2c1
129.0000    0    1.000   1.0000          NULL 
130.0000    3    5.000   1.0000          x2c1
135.0000    0    3.000   1.0000          NULL 
138.0000    1    5.000   1.0000          x1c1
143.0000    0    1.000   1.0000          NULL 
