  0.0000    4    5.000   1.0000          x2c2
  5.0000    0    1.000   1.0000          NULL 
  6.0000    1    5.000   1.0000          x1c1
 11.0000    0    3.000   1.0000          NULL 
 14.0000    3    5.000   1.0000          x2c1
 19.0000    0    1.000   1.0000          NULL 
 20.0000    4    5.000   1.0000          x2c2
 25.0000    0    1.000   1.0000          NULL 
 26.0000    2    5.000   1.0000          x1c2
 31.0000    0    1.000   1.0000          NULL 
 32.0000    3    5.000   1.0000          x2c1
 37.0000    0    3.000   1.0000          NULL 
 40.0000    2    5.000   1.0000          x1c2
 45.0000    0    1.000   1.0000          NULL 
 46.0000    2    5.000   1.0000          x1c2
 51.0000    0    1.000   1.0000          NULL 
 52.0000    4    5.000   1.0000          x2c2
 57.0000    0    3.000   1.0000          NULL 
 60.0000    3    5.000   1.0000          x2c1
 65.0000    0    3.000   1.0000          NULL 
 68.0000    4    5.000   1.0000          x2c2
 73.0000    0    1.000   1.0000          NULL 
 74.0000    3    5.000   1.0000          x2c1
 79.0000    0    1.000   1.0000          NULL 
 80.0000    3    5.000   1.0000          x2c1
 85.0000    0    1.000   1.0000          NULL 
 86.0000    2    5.000   1.0000          x1c2
 91.0000    0    7.000   1.0000          NULL 
 98.0000    1    5.000   1.0000          x1c1
103.0000    0    1.000   1.0000          NULL 
104.0000    1    5.000   1.0000          x1c1
109.0000    0    3.000   1.0000          NULL 
112.0000    1    5.000   1.0000          x1c1
117.0000    0    3.000   1.0000          NULL 
120.0000    4    5.000   1.0000          x2c2
125.0000    0    7.000   1.0000          NULL 
132.0000    1    5.000   1.0000          x1c1
137.0000    0    1.000   1.0000          NULL 
138.0000    2    5.000   1.0000          x1c2
143.0000    0    1.000   1.0000          NULL 
