  0.0000    1    5.000   1.0000          x1c1
  5.0000    0    1.000   1.0000          NULL 
  6.0000    4    5.000   1.0000          x2c2
 11.0000    0    1.000   1.0000          NULL 
 12.0000    1    5.000   1.0000          x1c1
 17.0000    0    3.000   1.0000          NULL 
 20.0000    2    5.000   1.0000          x1c2
 25.0000    0    5.000   1.0000          NULL 
 30.0000    3    5.000   1.0000          x2c1
 35.0000    0    1.000   1.0000          NULL 
 36.0000    3    5.000   1.0000          x2c1
 41.0000    0    1.000   1.0000          NULL 
 42.0000    2    5.000   1.0000          x1c2
 47.0000    0    1.000   1.0000          NULL 
 48.0000    1    5.000   1.0000          x1c1
 53.0000    0    3.000   1.0000          NULL 
 56.0000    1    5.000   1.0000          x1c1
 61.0000    0    1.000   1.0000          NULL 
 62.0000    3    5.000   1.0000          x2c1
 67.0000    0    3.000   1.0000          NULL 
 70.0000    3    5.000   1.0000          x2c1
 75.0000    0    1.000   1.0000          NULL 
 76.0000    1    5.000   1.0000          x1c1
 81.0000    0    3.000   1.0000          NULL 
 84.0000    4    5.000   1.0000          x2c2
 89.0000    0    7.000   1.0000          NULL 
 96.0000    2    5.000   1.0000          x1c2
101.0000    0    1.000   1.0000          NULL 
102.0000    4    5.000   1.0000          x2c2
107.0000    0    1.000   1.0000          NULL 
108.0000    4    5.000   1.0000          x2c2
113.0000    0    1.000   1.0000          NULL 
114.0000    3    5.000   1.0000          x2c1
119.0000    0    3.000   1.0000          NULL 
122.0000    4    5.000   1.0000          x2c2
127.0000    0    1.000   1.0000          NULL 
128.0000    2    5.000   1.0000          x1c2
133.0000    0    5.000   1.0000          NULL 
138.0000    2    5.000   1.0000          x1c2
143.0000    0    1.000   1.0000          NULL 
