  0.0000    1    5.000   1.0000          x1c1
  5.0000    0    3.000   1.0000          NULL 
  8.0000    3    5.000   1.0000          x2c1
 13.0000    0    1.000   1.0000          NULL 
 14.0000    2    5.000   1.0000          x1c2
 19.0000    0    1.000   1.0000          NULL 
 20.0000    2    5.000   1.0000          x1c2
 25.0000    0    1.000   1.0000          NULL 
 26.0000    4    5.000   1.0000          x2c2
 31.0000    0    7.000   1.0000          NULL 
 38.0000    2    5.000   1.0000          x1c2
 43.0000    0    1.000   1.0000          NULL 
 44.0000    1    5.000   1.0000          x1c1
 49.0000    0    1.000   1.0000          NULL 
 50.0000    3    5.000   1.0000          x2c1
 55.0000    0    1.000   1.0000          NULL 
 56.0000    3    5.000   1.0000          x2c1
 61.0000    0    5.000   1.0000          NULL 
 66.0000    4    5.000   1.0000          x2c2
 71.0000    0    1.000   1.0000          NULL 
 72.0000    3    5.000   1.0000          x2c1
 77.0000    0    3.000   1.0000          NULL 
 80.0000    1    5.000   1.0000          x1c1
 85.0000    0    3.000   1.0000          NULL 
 88.0000    4    5.000   1.0000          x2c2
 93.0000    0    3.000   1.0000          NULL 
 96.0000    1    5.000   1.0000          x1c1
101.0000    0    1.000   1.0000          NULL 
102.0000    2    5.000   1.0000          x1c2
107.0000    0    1.000   1.0000          NULL 
108.0000    1    5.000   1.0000          x1c1
113.0000    0    3.000   1.0000          NULL 
116.0000    2    5.000   1.0000          x1c2
121.0000    0    5.000   1.0000          NULL 
126.0000    3    5.000   1.0000          x2c1
131.0000    0    1.000   1.0000          NULL 
132.0000    4    5.000   1.0000          x2c2
137.0000    0    1.000   1.0000          NULL 
138.0000    4    5.000   1.0000          x2c2
143.0000    0    1.000   1.0000          NULL 
