  0.0000    1    5.000   1.0000          x1c1
  5.0000    0    1.000   1.0000          NULL 
  6.0000    3    5.000   1.0000          x2c1
 11.0000    0    5.000   1.0000          NULL 
 16.0000    2    5.000   1.0000          x1c2
 21.0000    0    5.000   1.0000          NULL 
 26.0000    3    5.000   1.0000          x2c1
 31.0000    0    1.000   1.0000          NULL 
 32.0000    1    5.000   1.0000          x1c1
 37.0000    0    1.000   1.0000          NULL 
 38.0000    2    5.000   1.0000          x1c2
 43.0000    0    1.000   1.0000          NULL 
 44.0000    2    5.000   1.0000          x1c2
 49.0000    0    1.000   1.0000          NULL 
 50.0000    4    5.000   1.0000          x2c2
 55.0000    0    1.000   1.0000          NULL 
 56.0000    3    5.000   1.0000          x2c1
 61.0000    0    1.000   1.0000          NULL 
 62.0000    4    5.000   1.0000          x2c2
 67.0000    0    1.000   1.0000          NULL 
 68.0000    1    5.000   1.0000          x1c1
 73.0000    0    1.000   1.0000          NULL 
 74.0000    1    5.000   1.0000          x1c1
 79.0000    0    3.000   1.0000          NULL 
 82.0000    2    5.000   1.0000          x1c2
 87.0000    0    3.000   1.0000          NULL 
 90.0000    3    5.000   1.0000          x2c1
 95.0000    0    1.000   1.0000          NULL 
 96.0000    3    5.000   1.0000          x2c1
101.0000    0    5.000   1.0000          NULL 
106.0000    4    5.000   1.0000          x2c2
111.0000    0    1.000   1.0000          NULL 
112.0000    1    5.000   1.0000          x1c1
117.0000    0    3.000   1.0000          NULL 
120.0000    4    5.000   1.0000          x2c2
125.0000    0    1.000   1.0000          NULL 
126.0000    4    5.000   1.0000          x2c2
131.0000    0    7.000   1.0000          NULL 
138.0000    2    5.000   1.0000          x1c2
143.0000    0    1.000   1.0000          NULL 
