  0.0000    3    5.000   1.0000          x2c1
  5.0000    0    3.000   1.0000          NULL 
  8.0000    3    5.000   1.0000          x2c1
 13.0000    0    1.000   1.0000          NULL 
 14.0000    1    5.000   1.0000          x1c1
 19.0000    0    3.000   1.0000          NULL 
 22.0000    4    5.000   1.0000          x2c2
 27.0000    0    1.000   1.0000          NULL 
 28.0000    4    5.000   1.0000          x2c2
 33.0000    0    1.000   1.0000          NULL 
 34.0000    3    5.000   1.0000          x2c1
 39.0000    0    1.000   1.0000          NULL 
 40.0000    1    5.000   1.0000          x1c1
 45.0000    0    1.000   1.0000          NULL 
 46.0000    4    5.000   1.0000          x2c2
 51.0000    0    5.000   1.0000          NULL 
 56.0000    2    5.000   1.0000          x1c2
 61.0000    0    1.000   1.0000          NULL 
 62.0000    2    5.000   1.0000          x1c2
 67.0000    0    1.000   1.0000          NULL 
 68.0000    1    5.000   1.0000          x1c1
 73.0000    0    7.000   1.0000          NULL 
 80.0000    1    5.000   1.0000          x1c1
 85.0000    0    1.000   1.0000          NULL 
 86.0000    3    5.000   1.0000          x2c1
 91.0000    0    1.000   1.0000          NULL 
 92.0000    2    5.000   1.0000          x1c2
 97.0000    0    1.000   1.0000          NULL 
 98.0000    4    5.000   1.0000          x2c2
103.0000    0    3.000   1.0000          NULL 
106.0000    2    5.000   1.0000          x1c2
111.0000    0    1.000   1.0000          NULL 
112.0000    3    5.000   1.0000          x2c1
117.0000    0    5.000   1.0000          NULL 
122.0000    2    5.000   1.0000          x1c2
127.0000    0    5.000   1.0000          NULL 
132.0000    4    5.000   1.0000          x2c2
137.0000    0    1.000   1.0000          NULL 
138.0000    1    5.000   1.0000          x1c1
143.0000    0    1.000   1.0000          NULL 
