  0.0000    2    5.000   1.0000          x1c2
  5.0000    0    5.000   1.0000          NULL 
 10.0000    1    5.000   1.0000          x1c1
 15.0000    0    3.000   1.0000          NULL 
 18.0000    3    5.000   1.0000          x2c1
 23.0000    0    5.000   1.0000          NULL 
 28.0000    4    5.000   1.0000          x2c2
 33.0000    0    5.000   1.0000          NULL 
 38.0000    2    5.000   1.0000          x1c2
 43.0000    0    3.000   1.0000          NULL 
 46.0000    3    5.000   1.0000          x2c1
 51.0000    0    3.000   1.0000          NULL 
 54.0000    4    5.000   1.0000          x2c2
 59.0000    0    1.000   1.0000          NULL 
 60.0000    3    5.000   1.0000          x2c1
 65.0000    0    3.000   1.0000          NULL 
 68.0000    1    5.000   1.0000          x1c1
 73.0000    0    1.000   1.0000          NULL 
 74.0000    1    5.000   1.0000          x1c1
 79.0000    0    1.000   1.0000          NULL 
 80.0000    4    5.000   1.0000          x2c2
 85.0000    0    3.000   1.0000          NULL 
 88.0000    4    5.000   1.0000          x2c2
 93.0000    0    1.000   1.0000          NULL 
 94.0000    2    5.000   1.0000          x1c2
 99.0000    0    1.000   1.0000          NULL 
100.0000    1    5.000   1.0000          x1c1
105.0000    0    1.000   1.0000          NULL 
106.0000    2    5.000   1.0000          x1c2
111.0000    0    1.000   1.0000          NULL 
112.0000    4    5.000   1.0000          x2c2
117.0000    0    3.000   1.0000          NULL 
120.0000    1    5.000   1.0000          x1c1
125.0000    0    1.000   1.0000          NULL 
126.0000    3    5.000   1.0000          x2c1
131.0000    0    1.000   1.0000          NULL 
132.0000    3    5.000   1.0000          x2c1
137.0000    0    1.000   1.0000          NULL 
138.0000    2    5.000   1.0000          x1c2
143.0000    0    1.000   1.0000          NULL 
