  0.0000    1    5.000   1.0000          x1c1
  5.0000    0    1.000   1.0000          NULL 
  6.0000    2    5.000   1.0000          x1c2
 11.0000    0    1.000   1.0000          NULL 
 12.0000    3    5.000   1.0000          x2c1
 17.0000    0    1.000   1.0000          NULL 
 18.0000    3    5.000   1.0000          x2c1
 23.0000    0    3.000   1.0000          NULL 
 26.0000    4    5.000   1.0000          x2c2
 31.0000    0    3.000   1.0000          NULL 
 34.0000    1    5.000   1.0000          x1c1
 39.0000    0    3.000   1.0000          NULL 
 42.0000    3    5.000   1.0000          x2c1
 47.0000    0    1.000   1.0000          NULL 
 48.0000    4    5.000   1.0000          x2c2
 53.0000    0    5.000   1.0000          NULL 
 58.0000    4    5.000   1.0000          x2c2
 63.0000    0    1.000   1.0000          NULL 
 64.0000    3    5.000   1.0000          x2c1
 69.0000    0    1.000   1.0000          NULL 
 70.0000    2    5.000   1.0000          x1c2
 75.0000    0    1.000   1.0000          NULL 
 76.0000    2    5.000   1.0000          x1c2
 81.0000    0    1.000   1.0000          NULL 
 82.0000    4    5.000   1.0000          x2c2
 87.0000    0    1.000   1.0000          NULL 
 88.0000    2    5.000   1.0000          x1c2
 93.0000    0    3.000   1.0000          NULL 
 96.0000    3    5.000   1.0000          x2c1
101.0000    0    5.000   1.0000          NULL 
106.0000    1    5.000   1.0000          x1c1
111.0000    0    1.000   1.0000          NULL 
112.0000    4    5.000   1.0000          x2c2
117.0000    0    1.000   1.0000          NULL 
118.0000    1    5.000   1.0000          x1c1
123.0000    0    3.000   1.0000          NULL 
126.0000    2    5.000   1.0000          x1c2
131.0000    0    3.000   1.0000          NULL 
134.0000    1    5.000   1.0000          x1c1
139.0000    0    5.000   1.0000          NULL 
