  0.0000    3    5.000   1.0000          x2c1
  5.0000    0    3.000   1.0000          NULL 
  8.0000    4    5.000   1.0000          x2c2
 13.0000    0    1.000   1.0000          NULL 
 14.0000    3    5.000   1.0000          x2c1
 19.0000    0    5.000   1.0000          NULL 
 24.0000    1    5.000   1.0000          x1c1
 29.0000    0    1.000   1.0000          NULL 
 30.0000    2    5.000   1.0000          x1c2
 35.0000    0    1.000   1.0000          NULL 
 36.0000    2    5.000   1.0000          x1c2
 41.0000    0    1.000   1.0000          NULL 
 42.0000    3    5.000   1.0000          x2c1
 47.0000    0    1.000   1.0000          NULL 
 48.0000    2    5.000   1.0000          x1c2
 53.0000    0    1.000   1.0000          NULL 
 54.0000    1    5.000   1.0000          x1c1
 59.0000    0    3.000   1.0000          NULL 
 62.0000    4    5.000   1.0000          x2c2
 67.0000    0    1.000   1.0000          NULL 
 68.0000    2    5.000   1.0000          x1c2
 73.0000    0    3.000   1.0000          NULL 
 76.0000    2    5.000   1.0000          x1c2
 81.0000    0    1.000   1.0000          NULL 
 82.0000    4    5.000   1.0000          x2c2
 87.0000    0    3.000   1.0000          NULL 
 90.0000    3    5.000   1.0000          x2c1
 95.0000    0    1.000   1.0000          NULL 
 96.0000    4    5.000   1.0000          x2c2
101.0000    0    1.000   1.0000          NULL 
102.0000    1    5.000   1.0000          x1c1
107.0000    0    1.000   1.0000          NULL 
108.0000    4    5.000   1.0000          x2c2
113.0000    0    7.000   1.0000          NULL 
120.0000    3    5.000   1.0000          x2c1
125.0000    0    1.000   1.0000          NULL 
126.0000    1    5.000   1.0000          x1c1
131.0000    0    5.000   1.0000          NULL 
136.0000    1    5.000   1.0000          x1c1
141.0000    0    3.000   1.0000          NULL 
