  0.0000    1    5.000   1.0000          x1c1
  5.0000    0    3.000   1.0000          NULL 
  8.0000    2    5.000   1.0000          x1c2
 13.0000    0    1.000   1.0000          NULL 
 14.0000    3    5.000   1.0000          x2c1
 19.0000    0    1.000   1.0000          NULL 
 20.0000    3    5.000   1.0000          x2c1
 25.0000    0    3.000   1.0000          NULL 
 28.0000    2    5.000   1.0000          x1c2
 33.0000    0    3.000   1.0000          NULL 
 36.0000    3    5.000   1.0000          x2c1
 41.0000    0    1.000   1.0000          NULL 
 42.0000    2    5.000   1.0000          x1c2
 47.0000    0    3.000   1.0000          NULL 
 50.0000    1    5.000   1.0000          x1c1
 55.0000    0    1.000   1.0000          NULL 
 56.0000    4    5.000   1.0000          x2c2
 61.0000    0    1.000   1.0000          NULL 
 62.0000    4    5.000   1.0000          x2c2
 67.0000    0    5.000   1.0000          NULL 
 72.0000    3    5.000   1.0000          x2c1
 77.0000    0    5.000   1.0000          NULL 
 82.0000    1    5.000   1.0000          x1c1
 87.0000    0    3.000   1.0000          NULL 
 90.0000    1    5.000   1.0000          x1c1
 95.0000    0    1.000   1.0000          NULL 
 96.0000    1    5.000   1.0000          x1c1
101.0000    0    1.000   1.0000          NULL 
102.0000    2    5.000   1.0000          x1c2
107.0000    0    3.000   1.0000          NULL 
110.0000    4    5.000   1.0000          x2c2
115.0000    0    1.000   1.0000          NULL 
116.0000    2    5.000   1.0000          x1c2
121.0000    0    1.000   1.0000          NULL 
122.0000    4    5.000   1.0000          x2c2
127.0000    0    1.000   1.0000          NULL 
128.0000    3    5.000   1.0000          x2c1
133.0000    0    1.000   1.0000          NULL 
134.0000    4    5.000   1.0000          x2c2
139.0000    0    5.000   1.0000          NULL 
