  0.0000    1    5.000   1.0000          x1c1
  5.0000    0    3.000   1.0000          NULL 
  8.0000    3    5.000   1.0000          x2c1
 13.0000    0    1.000   1.0000          NULL 
 14.0000    2    5.000   1.0000          x1c2
 19.0000    0    1.000   1.0000          NULL 
 20.0000    4    5.000   1.0000          x2c2
 25.0000    0    3.000   1.0000          NULL 
 28.0000    3    5.000   1.0000          x2c1
 33.0000    0    1.000   1.0000          NULL 
 34.0000    3    5.000   1.0000          x2c1
 39.0000    0    3.000   1.0000          NULL 
 42.0000    4    5.000   1.0000          x2c2
 47.0000    0    5.000   1.0000          NULL 
 52.0000    1    5.000   1.0000          x1c1
 57.0000    0    1.000   1.0000          NULL 
 58.0000    2    5.000   1.0000          x1c2
 63.0000    0    3.000   1.0000          NULL 
 66.0000    1    5.000   1.0000          x1c1
 71.0000    0    1.000   1.0000          NULL 
 72.0000    4    5.000   1.0000          x2c2
 77.0000    0    1.000   1.0000          NULL 
 78.0000    3    5.000   1.0000          x2c1
 83.0000    0    1.000   1.0000          NULL 
 84.0000    1    5.000   1.0000          x1c1
 89.0000    0    1.000   1.0000          NULL 
 90.0000    1    5.000   1.0000          x1c1
 95.0000    0    3.000   1.0000          NULL 
 98.0000    2    5.000   1.0000          x1c2
103.0000    0    5.000   1.0000          NULL 
108.0000    4    5.000   1.0000          x2c2
113.0000    0    1.000   1.0000          NULL 
114.0000    4    5.000   1.0000          x2c2
119.0000    0    1.000   1.0000          NULL 
120.0000    2    5.000   1.0000          x1c2
125.0000    0    1.000   1.0000          NULL 
126.0000    3    5.000   1.0000          x2c1
131.0000    0    7.000   1.0000          NULL 
138.0000    2    5.000   1.0000          x1c2
143.0000    0    1.000   1.0000          NULL 
