  0.0000    3    5.000   1.0000          x2c1
  5.0000    0    1.000   1.0000          NULL 
  6.0000    1    5.000   1.0000          x1c1
 11.0000    0    1.000   1.0000          NULL 
 12.0000    4    5.000   1.0000          x2c2
 17.0000    0    1.000   1.0000          NULL 
 18.0000    1    5.000   1.0000          x1c1
 23.0000    0    7.000   1.0000          NULL 
 30.0000    1    5.000   1.0000          x1c1
 35.0000    0    1.000   1.0000          NULL 
 36.0000    2    5.000   1.0000          x1c2
 41.0000    0    3.000   1.0000          NULL 
 44.0000    4    5.000   1.0000          x2c2
 49.0000    0    5.000   1.0000          NULL 
 54.0000    4    5.000   1.0000          x2c2
 59.0000    0    1.000   1.0000          NULL 
 60.0000    3    5.000   1.0000          x2c1
 65.0000    0    3.000   1.0000          NULL 
 68.0000    2    5.000   1.0000          x1c2
 73.0000    0    1.000   1.0000          NULL 
 74.0000    2    5.000   1.0000          x1c2
 79.0000    0    1.000   1.0000          NULL 
 80.0000    4    5.000   1.0000          x2c2
 85.0000    0    1.000   1.0000          NULL 
 86.0000    3    5.000   1.0000          x2c1
 91.0000    0    1.000   1.0000          NULL 
 92.0000    3    5.000   1.0000          x2c1
 97.0000    0    5.000   1.0000          NULL 
102.0000    2    5.000   1.0000          x1c2
107.0000    0    3.000   1.0000          NULL 
110.0000    3    5.000   1.0000          x2c1
115.0000    0    1.000   1.0000          NULL 
116.0000    4    5.000   1.0000          x2c2
121.0000    0    3.000   1.0000          NULL 
124.0000    2    5.000   1.0000          x1c2
129.0000    0    1.000   1.0000          NULL 
130.0000    1    5.000   1.0000          x1c1
135.0000    0    3.000   1.0000          NULL 
138.0000    1    5.000   1.0000          x1c1
143.0000    0    1.000   1.0000          NULL 
