  0.0000    1    5.000   1.0000          x1c1
  5.0000    0    3.000   1.0000          NULL 
  8.0000    1    5.000   1.0000          x1c1
 13.0000    0    1.000   1.0000          NULL 
 14.0000    4    5.000   1.0000          x2c2
 19.0000    0    1.000   1.0000          NULL 
 20.0000    3    5.000   1.0000          x2c1
 25.0000    0    1.000   1.0000          NULL 
 26.0000    2    5.000   1.0000          x1c2
 31.0000    0    1.000   1.0000          NULL 
 32.0000    3    5.000   1.0000          x2c1
 37.0000    0    1.000   1.0000          NULL 
 38.0000    4    5.000   1.0000          x2c2
 43.0000    0    5.000   1.0000          NULL 
 48.0000    4    5.000   1.0000          x2c2
 53.0000    0    1.000   1.0000          NULL 
 54.0000    4    5.000   1.0000          x2c2
 59.0000    0    1.000   1.0000          NULL 
 60.0000    1    5.000   1.0000          x1c1
 65.0000    0    7.000   1.0000          NULL 
 72.0000    2    5.000   1.0000          x1c2
 77.0000    0    5.000   1.0000          NULL 
 82.0000    2    5.000   1.0000          x1c2
 87.0000    0    1.000   1.0000          NULL 
 88.0000    2    5.000   1.0000          x1c2
 93.0000    0    1.000   1.0000          NULL 
 94.0000    1    5.000   1.0000          x1c1
 99.0000    0    1.000   1.0000          NULL 
100.0000    3    5.000   1.0000          x2c1
105.0000    0    1.000   1.0000          NULL 
106.0000    1    5.000   1.0000          x1c1
111.0000    0    1.000   1.0000          NULL 
112.0000    3    5.000   1.0000          x2c1
117.0000    0    3.000   1.0000          NULL 
120.0000    3    5.000   1.0000          x2c1
125.0000    0    5.000   1.0000          NULL 
130.0000    2    5.000   1.0000          x1c2
135.0000    0    3.000   1.0000          NULL 
138.0000    4    5.000   1.0000          x2c2
143.0000    0    1.000   1.0000          NULL 
