  0.0000    3    5.000   1.0000          x2c1
  5.0000    0    1.000   1.0000          NULL 
  6.0000    1    5.000   1.0000          x1c1
 11.0000    0    3.000   1.0000          NULL 
 14.0000    1    5.000   1.0000          x1c1
 19.0000    0    1.000   1.0000          NULL 
 20.0000    3    5.000   1.0000          x2c1
 25.0000    0    1.000   1.0000          NULL 
 26.0000    4    5.000   1.0000          x2c2
 31.0000    0    1.000   1.0000          NULL 
 32.0000    1    5.000   1.0000          x1c1
 37.0000    0    1.000   1.0000          NULL 
 38.0000    2    5.000   1.0000          x1c2
 43.0000    0    1.000   1.0000          NULL 
 44.0000    4    5.000   1.0000          x2c2
 49.0000    0    1.000   1.0000          NULL 
 50.0000    2    5.000   1.0000          x1c2
 55.0000    0    1.000   1.0000          NULL 
 56.0000    2    5.000   1.0000          x1c2
 61.0000    0    1.000   1.0000          NULL 
 62.0000    3    5.000   1.0000          x2c1
 67.0000    0    1.000   1.0000          NULL 
 68.0000    3    5.000   1.0000          x2c1
 73.0000    0    1.000   1.0000          NULL 
 74.0000    2    5.000   1.0000          x1c2
 79.0000    0    1.000   1.0000          NULL 
 80.0000    1    5.000   1.0000          x1c1
 85.0000    0    7.000   1.0000          NULL 
 92.0000    3    5.000   1.0000          x2c1
 97.0000    0    5.000   1.0000          NULL 
102.0000    4    5.000   1.0000          x2c2
107.0000    0    5.000   1.0000          NULL 
112.0000    4    5.000   1.0000          x2c2
117.0000    0    5.000   1.0000          NULL 
122.0000    2    5.000   1.0000          x1c2
127.0000    0    5.000   1.0000          NULL 
132.0000    1    5.000   1.0000          x1c1
137.0000    0    1.000   1.0000          NULL 
138.0000    4    5.000   1.0000          x2c2
143.0000    0    1.000   1.0000          NULL 
