  0.0000    3    5.000   1.0000          x2c1
  5.0000    0    3.000   1.0000          NULL 
  8.0000    4    5.000   1.0000          x2c2
 13.0000    0    3.000   1.0000          NULL 
 16.0000    4    5.000   1.0000          x2c2
 21.0000    0    1.000   1.0000          NULL 
 22.0000    1    5.000   1.0000          x1c1
 27.0000    0    5.000   1.0000          NULL 
 32.0000    3    5.000   1.0000          x2c1
 37.0000    0    1.000   1.0000          NULL 
 38.0000    4    5.000   1.0000          x2c2
 43.0000    0    1.000   1.0000          NULL 
 44.0000    3    5.000   1.0000          x2c1
 49.0000    0    5.000   1.0000          NULL 
 54.0000    1    5.000   1.0000          x1c1
 59.0000    0    1.000   1.0000          NULL 
 60.0000    2    5.000   1.0000          x1c2
 65.0000    0    3.000   1.0000          NULL 
 68.0000    2    5.000   1.0000          x1c2
 73.0000    0    1.000   1.0000          NULL 
 74.0000    1    5.000   1.0000          x1c1
 79.0000    0    7.000   1.0000          NULL 
 86.0000    2    5.000   1.0000          x1c2
 91.0000    0    1.000   1.0000          NULL 
 92.0000    4    5.000   1.0000          x2c2
 97.0000    0    3.000   1.0000          NULL 
100.0000    2    5.000   1.0000          x1c2
105.0000    0    3.000   1.0000          NULL 
108.0000    1    5.000   1.0000          x1c1
113.0000    0    1.000   1.0000          NULL 
114.0000    4    5.000   1.0000          x2c2
119.0000    0    1.000   1.0000          NULL 
120.0000    2    5.000   1.0000          x1c2
125.0000    0    1.000   1.0000          NULL 
126.0000    1    5.000   1.0000          x1c1
131.0000    0    1.000   1.0000          NULL 
132.0000    3    5.000   1.0000          x2c1
137.0000    0    1.000   1.0000          NULL 
138.0000    3    5.000   1.0000          x2c1
143.0000    0    1.000   1.0000          NULL 
